Id,Prediction
1,0.6341712664828083
2,0.6341712664828083
3,0.6341712664828083
4,0.6341712664828083
5,0.6341712664828083
6,0.6341712664828083
7,0.6341712664828083
8,0.6341712664828083
9,0.6341712664828083
10,0.6341712664828083
11,0.6341712664828083
12,0.6341712664828083
13,0.6341712664828083
14,0.6341712664828083
15,0.6341712664828083
16,0.6341712664828083
17,0.6341712664828083
18,0.6341712664828083
19,0.6341712664828083
20,0.6341712664828083
21,0.6341712664828083
22,0.6341712664828083
23,0.6341712664828083
24,0.6341712664828083
25,0.6341712664828083
26,0.6341712664828083
27,0.6341712664828083
28,0.6341712664828083
29,0.6341712664828046
30,0.6341712664828083
31,0.6341712664828083
32,0.6341712664828083
33,0.6341712664828083
34,0.6341712664828083
35,0.6341712664828083
36,0.6341712664828083
37,0.6341712664828083
38,0.6341712664828083
39,0.6341712664828083
40,0.6341712664828083
41,0.6341712664828083
42,0.6341712664828083
43,0.6341712664828083
44,0.6341712664828083
45,0.6341712664828083
46,0.6341712664828083
47,0.6341712664828083
48,0.6341712664828083
49,0.6341712664828083
50,0.6341712664828083
51,0.6341712664828083
52,0.6341712664828083
53,0.6341712664828083
54,0.6341712664828083
55,0.6341712664828083
56,0.6341712664828083
57,0.6341712664828083
58,0.6341712664828083
59,0.6341712664828083
60,0.6341712664828083
61,0.6341712664828083
62,0.6341712664828083
63,0.6341712664828083
64,0.6341712664828083
65,0.6341712664828083
66,0.6341712664828083
67,0.6341712664828083
68,0.6341712664828083
69,0.6341712664828083
70,0.6341712664828083
71,0.6341712664828083
72,0.6341712664828083
73,0.6341712664828083
74,0.6341712664828083
75,0.6341712664828083
76,0.6341712664828083
77,0.6341712664828083
78,0.6341712664828083
79,0.6341712664828083
80,0.6341712664828083
81,0.6341712664828083
82,0.6341712664828083
83,0.6341712664828083
84,0.6341712664828083
85,0.6341712664828083
86,0.6341712664828083
87,0.6341712664828083
88,0.6341712664828083
89,0.6341712664828083
90,0.6341712664828083
91,0.6341712664828083
92,0.6341712664828083
