14	118	0.9820137900379085	0.5136952037234115	1.0	0.7769625016412169	0.17591458157495893
14	3	0.9990889488055994	0.5253405888833341	1.0	0.9006774579664676	0.31295716861754597
14	4	0.9990889488055994	0.524627941320052	1.0	0.922704248295791	0.43335760151797886
14	13	0.9990889488055994	0.5356536708339716	1.0	0.9273492988041641	0.4583895271395272
14	75	0.9820137900379085	0.5285403709822651	1.0	0.7978922893492774	0.22312062937062938
16	12	0.9990889488055994	0.5196527912353258	1.0	0.896552786944438	0.2995328963262786
16	2	0.9933071490757153	0.5142007253031137	1.0	0.7881763814707089	0.11435922567998039
16	84	0.9999546021312976	0.5402353929097253	1.0	0.957629848532349	0.4458532426466249
16	117	0.9933071490757153	0.5198308616884231	1.0	0.8022152690019373	0.15187228733097308
16	118	0.9933071490757153	0.5186480627032611	1.0	0.8028877876518482	0.15278960130712152
16	119	0.9820137900379085	0.5227116332606392	1.0	0.7375061577068455	0.08559643411395432
16	98	0.9820137900379085	0.5222076018581396	1.0	0.737507548008821	0.08573212119080693
16	120	0.8807970779778823	0.5185100556181508	1.0	0.6313168600935929	0.049170954831332186
16	19	0.8807970779778823	0.5178495544061347	1.0	0.6766762376437627	0.13333333333333333
16	22	0.9525741268224334	0.524174684511975	1.0	0.7605270362732165	0.22424242424242424
16	73	0.7310585786300049	0.5069439979482607	1.0	0.5710165044683896	0.030303030303030304
17	41	0.8807970779778823	0.5227116332606392	1.0	0.6313423529255086	0.05746268656716418
17	22	0.9820137900379085	0.5474755951260479	1.0	0.822773770082654	0.29924242424242425
17	23	0.9933071490757153	0.549833997312478	1.0	0.8494214185163002	0.2989670155714932
17	53	0.7310585786300049	0.5124973964842103	1.0	0.5826856812036741	0.05
17	44	0.8807970779778823	0.5035210685535788	1.0	0.6710044143213801	0.12142857142857143
18	4	0.9820137900379085	0.5151468791086855	1.0	0.8165707372385389	0.28095238095238095
18	71	0.9933071490757153	0.5389832206876841	1.0	0.8463337218582161	0.2824702530584884
19	70	0.9525741268224334	0.5415704832167999	1.0	0.7487774975849476	0.19791666666666669
19	20	0.8807970779778823	0.5178495544061347	1.0	0.6838883020315254	0.15
19	59	0.9820137900379085	0.525618571920654	1.0	0.8285325728914924	0.31666666666666665
19	22	0.9933071490757153	0.5592441973847928	1.0	0.8659971578639516	0.3505482456140351
19	46	0.5	0.5	1.0	0.5	0
19	80	0.5	0.5	0.9999999997210531	0.5	0
20	12	0.9525741268224334	0.5080638168854459	1.0	0.6984610385537112	0.08799627213420316
20	2	0.9525741268224334	0.5083325618141193	1.0	0.7297424468861791	0.1588203463203463
20	132	0.9525741268224334	0.5182845257758442	1.0	0.7284689594843039	0.15652768284347232
20	130	0.9820137900379085	0.5227116332606392	1.0	0.791310810322577	0.21208323839902787
20	209	0.8807970779778823	0.5161234400549263	1.0	0.6715592143398113	0.12222222222222222
20	210	0.8807970779778823	0.5178495544061347	1.0	0.6474026479935452	0.07448275862068965
20	89	0.8807970779778823	0.517234548877195	1.0	0.6366369843844722	0.06113256113256113
20	73	0.9525741268224334	0.5220445231423719	1.0	0.7398457047569518	0.17257799671592775
20	74	0.8807970779778823	0.5138853177460049	1.0	0.6474026479935452	0.07448275862068965
20	75	0.8807970779778823	0.5156199157230156	1.0	0.6736849929311521	0.12698412698412698
21	106	0.7310585786300049	0.507352411166006	1.0	0.591282421417662	0.06666666666666667
21	12	0.9525741268224334	0.5078940808352105	1.0	0.7420646659497548	0.1912912912912913
21	2	0.9525741268224334	0.508151451620939	1.0	0.7400072550319677	0.1865981240981241
27	21	0.7310585786300049	0.5064099052249075	1.0	0.602772909574449	0.09090909090909091
27	33	0.9933071490757153	0.5445246041694309	1.0	0.8820531157251625	0.42417929292929296
27	34	0.8807970779778823	0.517234548877195	1.0	0.6978679946591113	0.19444444444444442
27	35	0.9525741268224334	0.5227116332606392	1.0	0.7391988131577538	0.17539682539682538
27	36	0.5	0.5	1.0	0.5	0
27	37	0.7310585786300049	0.5104151598873647	1.0	0.599271258455485	0.08333333333333333
27	38	0.8807970779778823	0.5192212922106081	1.0	0.6891086749483648	0.16233766233766234
27	39	0.7310585786300049	0.5089276225092765	1.0	0.5716384203813913	0.03125
28	122	0.8807970779778823	0.5262915173930184	1.0	0.6628165057370287	0.10722610722610723
28	114	0.7310585786300049	0.5065785677232344	1.0	0.591282421417662	0.06666666666666667
29	50	0.8807970779778823	0.5199893401555818	1.0	0.6357877008890516	0.06628621597892888
29	30	0.9525741268224334	0.5415704832167999	1.0	0.7568669851405351	0.21496924128503075
29	33	0.9820137900379085	0.549833997312478	1.0	0.8158298917241312	0.2761164274322169
29	35	0.9933071490757153	0.5565748698973106	1.0	0.8341156250866963	0.24345991946842183
29	44	0.8807970779778823	0.5035210685535788	1.0	0.6694972876454373	0.11764705882352941
30	29	0.9525741268224334	0.5415704832167999	1.0	0.7568669851405351	0.21496924128503075
30	32	0.9975273768433653	0.5926665999540697	1.0	0.8978223494500677	0.38556225121627596
30	6	0.9525741268224334	0.5170388542610094	1.0	0.7273300757533805	0.14270510835913314
30	59	0.9975273768433653	0.5404519337857652	1.0	0.898751490742822	0.39109866741445687
30	33	0.9975273768433653	0.5782977732960317	1.0	0.9078419189497907	0.44472531037933516
30	51	0.5	0.5	1.0	0.5	0
30	49	0.9525741268224334	0.5340381803161751	1.0	0.761458252816134	0.23327020202020202
30	64	0.8807970779778823	0.5227116332606392	1.0	0.6777953773949383	0.1423611111111111
30	38	0.9820137900379085	0.5621765008857981	1.0	0.8156788178022424	0.2724117987275882
30	52	0.9525741268224334	0.5299640517645717	1.0	0.745548679343715	0.19011544011544013
129	224	0.9998766054240137	0.6055324872205857	1.0	0.9129946304692517	0.2031736717075988
130	106	0.9525741268224334	0.5187412158785352	1.0	0.6901275131092102	0.07221860767729343
130	1	0.9996646498695336	0.5399148845555657	1.0	0.9270025986086128	0.3629024323785992
130	12	0.9998766054240137	0.5231792499210595	1.0	0.9468270634318997	0.42097106557912395
131	1	0.8807970779778823	0.5128177038917123	1.0	0.6288268077923888	0.047469771607702646
131	12	0.9820137900379085	0.511762535252386	1.0	0.7734913458299513	0.15442006269592476
131	132	0.9820137900379085	0.5302659827682416	1.0	0.7685962486025586	0.15124458874458874
131	130	0.9820137900379085	0.5270007348654764	1.0	0.7570736473173365	0.1232273473652784
131	93	0.9525741268224334	0.524174684511975	1.0	0.7177331513154498	0.1341991341991342
132	12	0.9990889488055994	0.5184127226059408	1.0	0.9156640367247273	0.39314520578174994
132	84	0.9975273768433653	0.520821285372743	1.0	0.8732775414914035	0.28613301238162503
132	86	0.9990889488055994	0.524627941320052	1.0	0.8937217272913883	0.27823956174623893
132	14	0.9820137900379085	0.5222076018581396	1.0	0.7455486786511633	0.10061950627988364
132	90	0.9990889488055994	0.5396890520110544	1.0	0.9107899599803208	0.3453522640593579
132	47	0.9525741268224334	0.5178495544061347	1.0	0.6963609154774764	0.08940248589826785
132	48	0.9933071490757153	0.529037057737934	1.0	0.8299757436949888	0.23228786139233898
132	210	0.9990889488055994	0.5600535305712914	1.0	0.9047259057384756	0.3358957587073301
132	72	0.9525741268224334	0.5197265973605422	1.0	0.7251571441535521	0.13825757575757575
132	211	0.9525741268224334	0.524174684511975	1.0	0.7284689594843039	0.15652768284347232
132	212	0.5	0.5	1.0	0.5	0
282	200	0.9820137900379085	0.555328055262369	1.0	0.783188103393227	0.19645790187816894
282	44	0.9933071490757153	0.5092582009614421	1.0	0.8478430226367878	0.2785222423380318
282	44	0.9933071490757153	0.5092582009614421	1.0	0.8478430226367878	0.2785222423380318
283	202	0.9525741268224334	0.5312093733737563	1.0	0.7255725869855776	0.1574626865671642
296	190	0.5	0.5	0.9999999999999656	0.5	0
