2184483	1300190	0.5	0.5
3151356	1452193	0.5015649401167575	0.5001848772063425
1579396	193159	0.5	0.5
1406432	2481036	0.5156199157230156	0.5081534949677314
2389638	593017	0.5030180719965912	0.5015573151226032
228206	212805	0.5033685727096977	0.5114842951711636
1237964	879115	0.5005030179389489	0.5000040424293383
3318124	1840575	0.5019531150659532	0.5004363000637826
4522929	1552625	0.5009940344756718	0.5000021390543099
3406737	3781412	0.5	0.5
1567983	3008412	0.5043351514802594	0.5000067041702762
4370932	2906415	0.502358473074125	0.5001221299438339
286240	474307	0.5	0.5
4796773	3115614	0.5016339811113248	0.5000142263699956
2207765	4354226	0.5009986671140652	0.5044811929811772
1283384	279636	0.5	0.5
368544	2431466	0.5004334632637535	0.5003037536720903
3921857	4512147	0.5	0.5
49037	3175009	0.5002463053987959	0.5000003278013576
61633	1064392	0.5212637626701747	0.5034552731109542
1459453	654182	0.5	0.5
447597	2736867	0.5	0.5
2121585	3413796	0.5	0.5
933347	1131654	0.5004975122736195	0.5003263899328132
3733033	488937	0.5	0.5
3023014	2817859	0.5013888853166548	0.5007131405420651
1404783	410037	0.5	0.5
1886158	3656408	0.5063506977181956	0.5024896994250287
3316731	4579088	0.5020626945689544	0.5002831544166091
2369031	1860112	0.5025849105009013	0.5012775961291469
2850334	755258	0.5	0.5
4606553	2879440	0.5	0.5
3013323	2064734	0.5002167316725985	0.5000475845103709
1653770	1190291	0.6528473974592715	0.5353745020311311
4540325	202508	0.5	0.5
4189431	4404645	0.5011933151567172	0.5003730748764397
1590268	3824559	0.5	0.5
2717491	421433	0.5	0.5
71500	2156609	0.5	0.5
2422900	325927	0.5	0.5
784291	4194667	0.5003320052632901	0.5001127141549888
3836480	4207316	0.5024350456834903	0.5010557620812003
2570161	3824301	0.5	0.5
2574465	1663756	0.5	0.5
195757	4324049	0.5017294984637969	0.500075498795091
3501584	624570	0.5010593204489249	0.5000028566205037
2342205	3520804	0.5	0.5
2067826	727427	0.5000271867183551	0.5000285550117883
4787138	2365654	0.5467381519846138	0.5060222312112833
2907109	1536763	0.501121074354545	0.5007246371738171
2979388	2811074	0.5052025391822349	0.5007229401412137
2773866	3562714	0.5046385387974661	0.5002279710522879
3467832	3446682	0.500919116611794	0.5000384378843031
209191	3142365	0.5013993635889414	0.5009822484110951
1630356	2157727	0.5	0.5
662368	853327	0.5025772967611489	0.5004120994056317
3151576	4278188	0.5002771618341394	0.5000027941077855
2671870	4797151	0.5	0.5
3536080	614747	0.5037409841923773	0.5004090147904782
2541283	1592987	0.5012088951298683	0.500209111086037
3848381	903626	0.5068866168237774	0.5015528514804637
811898	3593324	0.5	0.5
231650	4016607	0.5044207512911913	0.5007814015462037
1305368	3362916	0.5	0.5
3275981	2183299	0.5	0.5
3863858	4710588	0.5001382743327581	0.5000023569563209
938826	4543397	0.5030211112700819	0.5001254194493657
4705108	2629120	0.5	0.5
617435	2721940	0.5014384310144068	0.5000532915963503
2022904	1202849	0.5037128030440141	0.500005143234013
4797294	3735230	0.5	0.5
2450052	2549546	0.5019531150659532	0.5052081449613973
24523	497993	0.5	0.5
4576342	1043689	0.501815972644629	0.5000424421758608
1875903	2638090	0.5000428167726525	0.5033312101892229
930131	1305103	0.5014880908444056	0.5000847447003851
3872353	2516690	0.5007531627161534	0.6171218834501533
217062	20388	0.5000255604957726	0.932763676398664
1628755	1120745	0.5061725259125543	0.502469329912191
4033899	2555403	0.5044434687967263	0.5038421050066607
4600810	4690043	0.5015723218612106	0.5000040526520554
2852252	3901568	0.506231700310599	0.5009722038164857
4128817	963520	0.5002534211643108	0.5000063586445107
4603833	3538910	0.5	0.5
2665129	694605	0.5	0.5
2506289	2034494	0.5	0.5
3755683	4027183	0.5	0.5
281045	1477566	0.5222900487773304	0.7471041612242464
525339	4345638	0.5145791994197906	0.6030365846380839
2872550	3571822	0.5	0.5
3996001	1317062	0.5	0.5
1630993	2942968	0.5	0.5
3519436	273127	0.5	0.5
1072548	4516657	0.504487059026566	0.5027590504169255
3385377	21536	0.5031572485068636	0.5001042021396257
1698628	4155714	0.5	0.5
3421725	3521843	0.501674100887004	0.6394007244494098
2930692	138960	0.5	0.5
3738701	228193	0.5	0.5
1729154	1781627	0.5	0.5
3763685	3856235	0.5	0.5
2141424	1303746	0.5	0.5
4842336	3181505	0.5008741249835721	0.5006906072956365
258948	1471608	0.5	0.5
721572	98932	0.500722542849645	0.5007575751778581
1943690	492035	0.5011961699667866	0.553007613531631
3345713	3762682	0.5	0.5
2924614	3377440	0.5002871912378025	0.5004437760803762
4112224	1051087	0.5	0.5
4110767	2609871	0.5	0.5
3922567	307495	0.5	0.5
558917	3683147	0.5005382773040126	0.5000879367383703
678764	1677837	0.5015151468774228	0.500012193337558
4064525	2308522	0.5	0.5
2628408	2510362	0.5024012622216786	0.5009595262003748
4088436	483355	0.5	0.5
4294640	2123719	0.5037612129040321	0.5132917267791488
1062857	1809556	0.5	0.5
3287551	3077116	0.5	0.5
2921487	2416082	0.5	0.5
2206017	4727122	0.5048699758619163	0.5002177240292524
1601895	4424787	0.5003369052025611	0.5005933075554758
4538043	4347620	0.5441326399468366	0.5335084356378256
2494024	1709398	0.5087710299733247	0.5008335141831604
2380958	648703	0.5187412158785352	0.5019130534721787
3786904	871332	0.5	0.5
2705657	852814	0.5003467405824183	0.5000349454849864
2867762	2832683	0.5	0.5
4814135	2585300	0.5	0.5
1488632	297642	0.5010121443664813	0.500028883608792
1789514	2955720	0.5	0.5
309474	3636323	0.5025509982733423	0.5002787067715803
4115547	879781	0.5005030179389489	0.5000029098527614
4771179	77677	0.5	0.5
1541973	2681572	0.5	0.5
660741	517853	0.5045453293304604	0.5013812119562608
4483428	1765722	0.5	0.5
2190643	2947163	0.501344082783939	0.5049998333399998
2519581	3743967	0.5009842506971779	0.5004309737182056
4202801	710142	0.5	0.5
3417866	1598643	0.5	0.5
697388	943197	0.5001280081897276	0.5000020946970649
3899173	1397388	0.5	0.5
3150672	3974467	0.5	0.5
4449837	3538291	0.500045228403314	0.5000042075875188
35548	3549289	0.5032894262260974	0.5003714709569139
2707088	2136581	0.5	0.5
1586232	3610552	0.5006261592273952	0.5505754010437276
1735883	1901143	0.5010783592194679	0.5000461510185996
2968005	1495600	0.5003709198132633	0.5000127433989167
2873622	3664409	0.5	0.5
3691603	3188162	0.5010162587631667	0.5009833221611797
1655116	365416	0.5024752273043226	0.500738253809452
2312268	4219994	0.5026939394491167	0.5113886766097603
2349671	204712	0.5	0.5
1026366	792812	0.5001794687647263	0.5000043428728852
3417564	2307183	0.5039325031806332	0.50009543184613
3687290	1281414	0.5	0.5
3327760	600051	0.5	0.5
1299905	4474903	0.5	0.5
3881924	783583	0.5013297840987073	0.5001802451255736
111970	2294803	0.5139260161220701	0.5202605199803625
3736271	433745	0.5	0.5
2807537	2703992	0.5	0.5
934509	1653156	0.5	0.5
4662733	4764472	0.5044246632563198	0.500272781761699
1486892	237461	0.5	0.5
3026000	4750153	0.506756345491646	0.503731274016853
2436861	4683579	0.5036629381328068	0.500195687204411
2295601	494551	0.5	0.5
2333576	4066830	0.506030409327689	0.500077417885104
1599720	3262474	0.511762535252386	0.5150020290885473
600846	64799	0.503649570221158	0.5005188688959166
1285894	2023333	0.5067020114467411	0.5000595536850296
1590882	971074	0.5015014969879907	0.5014421214920004
357381	908061	0.5	0.5
2345122	743875	0.5006637164243188	0.5010832014352297
1164538	4273253	0.5023344482324611	0.503399186212722
4624816	1789251	0.5	0.5
470204	3779626	0.5008445937912847	0.5000006726378975
2266717	1367613	0.5	0.5
2826267	928903	0.5010397397212663	0.5000251756144549
275804	1725270	0.5012376212348039	0.5000003278013576
3980329	4675165	0.54823660816288	0.5026271489591937
41540	1437899	0.5026041431194082	0.5013376790471932
1810899	2882556	0.5013168527088931	0.5062032798650348
1230845	2027917	0.5	0.5
2472742	3567788	0.5	0.5
4174076	5480	0.5012155567624302	0.5000106848370404
4819127	543061	0.5009469685647092	0.5000003278013576
1512639	1757836	0.5037414267649362	0.5379611389519232
594370	207942	0.5	0.5
4066375	4645447	0.5005800461435006	0.5001283367528285
1326339	639157	0.5001824151688494	0.500015510887119
1429554	3308151	0.5	0.5
2622002	3723250	0.5	0.5
3341679	524043	0.5001650164956588	0.5000040870375516
2241048	4039025	0.5109312025302829	0.50747267866884
2529024	1545613	0.5	0.5
644069	2596251	0.5008389253872524	0.5000028566205037
1813318	1054633	0.5002706359681574	0.5010361095877709
3655158	37400	0.5003185163782052	0.5000576822947186
3418483	362485	0.5	0.5
408243	4594685	0.5007267436742668	0.5000152704734314
2105491	3781492	0.5	0.5
738704	4658228	0.503571367834087	0.500526315595082
2535426	1266511	0.502520661168799	0.500210501107277
3014450	2569650	0.5011682221732944	0.5000136665999345
2635308	3237136	0.5	0.5
2749135	3229933	0.511762535252386	0.5759267918768763
1147295	4463463	0.5	0.5
495613	3009965	0.5	0.5
1376558	291125	0.5	0.5
2021517	4634127	0.5003419972106876	0.5000006726378975
4519174	520390	0.5013134820924021	0.5003615369249355
604125	4360758	0.5045453293304604	0.5013513480609998
3828465	3963629	0.5	0.5
2957639	4578655	0.5017725932321495	0.5069542437394092
4325972	1755579	0.507352411166006	0.5009433951069243
1039233	3674322	0.5	0.5
1901862	4840530	0.5020891243329784	0.501271094223465
2408015	1321954	0.5019011315226489	0.5000072861625239
4781379	52592	0.5037036359648391	0.5029497673990766
4583761	4572486	0.500768491229634	0.533693329134274
1476555	4751012	0.5012224914515278	0.5031149170320476
1636856	4208957	0.5001478939852751	0.5370283021582116
2038215	4162950	0.5289411237968286	0.5501489196904865
4216378	2118739	0.513971517193405	0.6237813129382596
1136996	3640654	0.5007886428791188	0.5000145789596413
4178366	3164163	0.5	0.5
986629	3346537	0.5022271567624247	0.5035507242493605
2303520	663713	0.5003987239984153	0.5000850050994871
4708115	738568	0.5	0.5
3769409	1960538	0.5071731089783197	0.5152119236763474
2844371	3392930	0.5008503393162387	0.500008333055564
1320291	3768226	0.5	0.5
1817011	3254390	0.5	0.5
3337956	1186643	0.5155776127625813	0.5706762141228381
414390	2341215	0.5	0.5
1185153	4799044	0.5	0.5
4182445	4255166	0.5	0.5
1429988	4034214	0.5	0.5
784476	4743804	0.5012296317048934	0.523902382054239
1567741	2167167	0.5	0.5
378193	3858906	0.5217254425298697	0.5117146513340165
3193737	852669	0.5033332839514952	0.5000103211956058
222154	1096330	0.5077661471007684	0.7862901008768807
837136	4092142	0.5212637626701747	0.5092877573405162
3001803	1421121	0.5	0.5
4497472	970834	0.5	0.5
78652	876913	0.500220523361179	0.5002723012346494
1740390	2913793	0.5042371867000285	0.5078118642792044
4608977	2576561	0.5	0.5
2146076	3373346	0.5	0.5
4043972	3448830	0.5003640334267587	0.5000172105969257
2066994	3418202	0.5003376096718523	0.5017278511649328
559972	3695276	0.5	0.5
2427345	214090	0.5	0.5
1635607	4683806	0.5	0.5
4435111	1900279	0.5	0.5
541055	1731912	0.5009003591708916	0.5005146283599036
1745528	2194526	0.5259850602915113	0.5211072800459505
754926	762964	0.5001785714209791	0.5000296138355493
2093716	3996594	0.5052740659873601	0.501522081232413
4640383	987793	0.5008591647327827	0.5008644686961894
4298408	420656	0.5001802451255736	0.5000003278013576
4725488	1747009	0.5104151598873647	0.5051458115691598
2264477	2991814	0.5000175254118401	0.5033786547538145
4421319	4161763	0.5010853817973153	0.5000245076171752
4007453	1159092	0.5	0.5
2690596	3915235	0.5028425785904387	0.5005212172569046
3602451	2065513	0.5013020803899021	0.5000120953746138
504324	2747208	0.5032561044761088	0.500073151817827
30083	1972008	0.5	0.5
1025903	2722816	0.5045453293304604	0.5022333497572126
2607838	4292513	0.5003025718238832	0.5022453700651965
132853	1928713	0.5090048905088189	0.5028733266221221
1841790	1805282	0.5	0.5
699145	2039550	0.5001315097286876	0.5000006242462227
1632938	2917594	0.5	0.5
740264	775607	0.5010204067466244	0.5000003278013576
2326042	3593013	0.5009439888091684	0.500071159046144
2597890	4398241	0.5	0.5
4347620	3709618	0.5	0.5
2956481	3808878	0.5000934822535401	0.5003930445527403
2421138	2173151	0.586858449624064	0.7564285255065545
3325878	3941234	0.5018248094162014	0.5023809343844989
3969780	3375372	0.5	0.5
641527	2264701	0.5006082722060055	0.5001075785859218
3750870	214372	0.5	0.5
3136757	2292933	0.5	0.5
194271	4138613	0.5	0.5
4837795	2032867	0.5012998237616207	0.5000725818246239
4532809	3889649	0.5	0.5
2019222	2153519	0.5	0.5
1047207	311498	0.5013088975336547	0.5000109928766142
2970262	1729215	0.5093568487594947	0.5448779056077276
1221209	2747564	0.5	0.5
268995	1173364	0.5	0.5
4427946	1339329	0.5048778940198114	0.501343292267524
1607490	654860	0.507575177910776	0.5018529972354854
1460872	4581556	0.5190585584028902	0.5226734434161037
2019845	4577899	0.5	0.5
1704367	3164073	0.5009057961105466	0.5000028566205037
2745910	3104940	0.5	0.5
2133929	3867352	0.5	0.5
3871942	4799962	0.5007451559311895	0.5000079699739939
3257910	588337	0.5002515090331131	0.5006393204692736
765302	2762989	0.5002011262964731	0.5000426475604561
3960835	4669648	0.500748502434874	0.5000006242462227
2629112	1529484	0.5138105024615132	0.512242332598271
2073048	421699	0.5	0.5
4524669	2949748	0.5002310535879896	0.5000643500639947
144060	3080263	0.5019531150659532	0.5000018112529523
3764504	3328639	0.5008532414925807	0.5011682221732944
433097	4052222	0.5018656629833053	0.5000003278013576
1986630	2951260	0.5	0.5
2398278	209191	0.50037575143227	0.5034528747290893
1974705	1581879	0.5	0.5
1443500	1164411	0.5025973792331517	0.50154951541995
3550092	3753484	0.5	0.5
3107199	690742	0.5038279581879042	0.5002007746433005
2019781	636552	0.5	0.5
3478606	1281736	0.5	0.5
919613	1735123	0.5025772967611489	0.5000110716001838
1432948	4331707	0.5005175981587937	0.5009990452062255
4782388	1065417	0.5149412025002383	0.5723319074161903
596337	409262	0.5	0.5
4106517	3002541	0.5003042184589445	0.5001511418237005
1065985	4673981	0.5	0.5
3757808	890719	0.5	0.5
4865292	2472812	0.5	0.5
1817278	3209863	0.5	0.5
2535495	1937230	0.5041898460606774	0.5032267015270909
1524949	2845319	0.5000635808745302	0.5000003278013576
2699583	2224526	0.5	0.5
3589315	1592667	0.5	0.5
1501709	3370956	0.5	0.5
2135899	3893892	0.5014692194026599	0.5005815826765554
3380008	1519730	0.5	0.5
3120092	4618432	0.5	0.5
1322906	784341	0.5	0.5
155804	834066	0.5	0.5
56567	3302825	0.5010087410658243	0.5004216981671508
432620	112551	0.5005434780468344	0.5000041537209031
1239755	165055	0.5	0.5
2314931	2658417	0.5003542270509185	0.5001995135610949
3043233	857634	0.5	0.5
4444751	719172	0.5	0.5
3144674	3401173	0.5032382966896254	0.5004772320588414
2681125	4245138	0.5	0.5
4355412	3494128	0.5	0.5
4114591	1582028	0.5004045306560706	0.5007204605964806
4099850	924833	0.5006009612490748	0.5000003278013576
103916	2808644	0.5014367776545314	0.5001504751063127
520324	3222831	0.5014595454790256	0.500067167621634
3443992	280322	0.5020107130214898	0.5000100810978737
2008046	4864558	0.5	0.5
1981993	463338	0.5008628119132068	0.5000499338707282
3004094	819288	0.5164775475110179	0.5015914914977684
4467857	2374812	0.5	0.5
1143671	3610611	0.5010917013219602	0.500569475835761
1114213	140603	0.5	0.5
2283170	3108276	0.5	0.5
3039452	1019859	0.5026666413830037	0.5020574710499249
298011	2396903	0.5062837076946332	0.5792398258101707
3491637	3299008	0.5013812119562608	0.500811687598661
4345638	1914315	0.5	0.5
3193210	370765	0.5	0.5
279329	4093834	0.5	0.5
1091584	977565	0.5	0.5
4310710	290077	0.5048424635994171	0.5003318001600183
3725239	1818269	0.5002256317536373	0.5000232861400725
1799182	3537761	0.5002332089383127	0.5000168861870925
4366747	1672058	0.5022893612905848	0.5000158741373192
2921853	1063377	0.5115364137270703	0.5731578841691268
3210136	2558297	0.5021367391291272	0.5000003278013576
1618265	2401545	0.503676404332629	0.5016233709191763
335479	673405	0.5	0.5
2393127	315060	0.5	0.5
2305619	2629421	0.5	0.5
94280	1191204	0.5010593204489249	0.500023921155852
3396488	1921136	0.5	0.5
1184100	1487302	0.5003571427964043	0.5000341718548791
3561479	3836738	0.5007692301623432	0.5000003278013576
2920873	2227745	0.506366948053695	0.5007900043343674
3576624	4268303	0.5	0.5
527595	1894941	0.5027821652445408	0.5005401529775355
919165	1264290	0.5	0.5
4014552	4632479	0.5020325091297789	0.5002536478743079
4135084	17392	0.5010362679463178	0.5014472447840298
245914	1905607	0.5008532414925807	0.5000028566205037
2618052	4188938	0.5	0.5
4836378	4536767	0.5017006737136054	0.5007305487833074
437876	2566889	0.5288593972526899	0.991477239997897
2497998	95673	0.5	0.5
1036152	502401	0.5200189662486122	0.5040262109324559
2585063	3153339	0.5	0.5
311952	487639	0.5010460235785682	0.5034866434427211
4260998	2255438	0.5140807829033678	0.5184067476329784
795918	448525	0.5	0.5
2720299	2127901	0.5015337375207429	0.5000024584763346
1459605	3749748	0.5021613698226433	0.5218747659318357
3547614	2860781	0.5	0.5
3335130	438964	0.5	0.5
1933312	3256959	0.5029411425474537	0.5025217033366708
3564448	167816	0.5025406285405223	0.5007712528416258
3432616	2332893	0.5014503776113589	0.5041930237970458
2633605	1933805	0.5007621945315641	0.5000078891728984
2832099	593309	0.5007621945315641	0.5005184271749303
2366431	4838273	0.5009430392439032	0.5003684359800983
623567	2164839	0.5	0.5
3994516	1354897	0.5	0.5
2315048	2033602	0.5	0.5
1637898	4121411	0.500019391870918	0.500035345680699
892193	4336282	0.5	0.5
4578655	3601327	0.501598289707966	0.5015812418291998
4152864	1994852	0.5	0.5
2533205	2449296	0.5	0.5
3035063	3658576	0.5	0.5
1063789	1199206	0.520821285372743	0.5010460235785682
4717616	489300	0.5	0.5
3652352	1702417	0.5242192586351812	0.5631882953598689
1024682	1315850	0.5	0.5
2587055	3472626	0.5008403353432336	0.5000047290362546
2086863	512769	0.5167217027965874	0.5350388486057307
1493935	2241589	0.537806489073151	0.5093551700246138
941692	3517094	0.5019841165694838	0.5000009520475803
2912801	871888	0.5047168412005099	0.5000372856076862
3606548	626239	0.5000818509214559	0.5000176325464518
2200735	2157328	0.5	0.5
3544260	2618757	0.5	0.5
1862492	54381	0.5	0.5
3445194	2976923	0.5	0.5
4114513	3383210	0.5	0.5
3744513	1129682	0.5	0.5
2055183	1190704	0.5	0.5
3592571	377102	0.5001732501663165	0.5010869548094605
484479	352855	0.5022714969329496	0.5001115164711982
4518583	1939151	0.5026095796452491	0.502949006297363
2741551	3680201	0.5123262691253336	0.5107059518323778
2589986	4298355	0.5	0.5
3446506	3393730	0.5	0.5
1080614	1486892	0.5205803862699176	0.5690872766761236
3819586	3914665	0.5	0.5
2232341	2167763	0.5006963783798114	0.5000083982800314
3663392	2116501	0.5	0.5
135756	1415397	0.5281392493056778	0.5991056232244154
1304570	762511	0.5	0.5
3268179	1312177	0.5	0.5
1034420	2582486	0.5080844017701727	0.5942840638093543
1395712	207348	0.5032467076137279	0.5004157067456652
28366	1841875	0.5178697977198963	0.988243826623422
628921	901150	0.5	0.5
2156930	302849	0.5049749601931517	0.5061487603985279
4742865	4011635	0.5011037509664933	0.5000300588357702
579052	4286269	0.5063632927845957	0.5007884119159758
3622805	2239775	0.5	0.5
1097755	19760	0.5040539652166374	0.5097764072391281
4681267	4047729	0.502659549385616	0.5002928357523924
4214037	1124684	0.5	0.5
3328824	4725447	0.5007872882128014	0.5000339875058344
1632157	3441172	0.5010822493921137	0.5002088554598662
2733872	2966772	0.5003205127766118	0.5000041537209031
4402871	3812818	0.5198220080247723	0.6227252101435314
1807180	817365	0.5011961699667866	0.5000011147404446
2763391	4023498	0.5020491688548858	0.5000003278013576
1626617	2819030	0.5	0.5
4130943	4188416	0.5	0.5
467667	4000293	0.510867853259157	0.5047209283292344
585290	2615912	0.5	0.5
3437795	2770964	0.5013157864363208	0.5001447746440641
3206172	4186227	0.5	0.5
174802	3795595	0.5	0.5
4371955	1776702	0.5247642035178424	0.5534435411358575
2810159	2277589	0.5	0.5
2044305	2746365	0.503657926473032	0.5048398586115854
2952533	3517217	0.5002569372846808	0.5004587154676331
2914124	4682995	0.5113616802188369	0.5014124256215624
61530	3335540	0.501674100887004	0.5001842070513454
4591296	1929062	0.5017857066934304	0.5000044670393282
4428300	2480985	0.5024224616655127	0.5020835147972654
46090	1450214	0.5013999963413448	0.5003828480534463
659769	20462	0.5	0.5
636099	1164072	0.5017482446238479	0.5000003278013576
2407305	95886	0.5026881461427046	0.5000288929783316
1475238	1917370	0.5019491426688172	0.508032407422722
550624	1332575	0.5167032937783609	0.6379146232293653
3206394	2933565	0.5025951324056728	0.5000264731970856
3940380	3051327	0.500395683370637	0.5014512692687584
273164	1413055	0.5026647034535914	0.5056486707730324
1957538	4839138	0.5	0.5
2749267	3859663	0.504761760794195	0.5006036678967496
173719	2037535	0.5	0.5
384254	3003794	0.5149581286974813	0.5026818304987742
410127	290758	0.5	0.5
2586954	1166818	0.5	0.5
172972	4299050	0.5	0.5
2422604	909677	0.5	0.5
4326329	732416	0.5	0.5
3476921	4329139	0.5383304432622898	0.5725877132132546
2346396	3113197	0.5	0.5
1397316	1548423	0.5	0.5
4590349	4475906	0.5015600573400203	0.5049234612428276
4462368	1729215	0.5138031979774446	0.5173375459865739
1327440	2866511	0.5	0.5
505918	80983	0.5003188775077878	0.5000003278013576
1041665	246307	0.5020661039426861	0.5000028566205037
1619831	4149096	0.5	0.5
1602676	4821149	0.5	0.5
4498800	2530095	0.5	0.5
1220744	2494359	0.5054198419107008	0.500171485540474
3216894	2917270	0.5	0.5
823636	3470096	0.5001929012249972	0.5000006242462227
2464404	2214631	0.5027573249893281	0.5024183997498692
2225928	937883	0.5	0.5
3874174	3660958	0.5	0.5
4510312	4641648	0.5340381803161751	0.5470247246352973
1772905	1164032	0.5013736229178687	0.5030863805520918
497126	1813537	0.5	0.5
3956535	1366076	0.5	0.5
311395	4517546	0.5030120117578207	0.5004347824991097
691053	2551093	0.5001273560848668	0.500007117235096
1202094	4419310	0.5022935618946309	0.5000018112529523
2511862	702114	0.5011013198048357	0.5019333274820753
1537593	3531111	0.6055324872205857	0.6171422817842485
1809060	2755105	0.5	0.5
4561995	4101406	0.5027149054451782	0.5004500683290999
1183256	851822	0.5163463737664316	0.6562544110948166
2259583	180886	0.5000042054266826	0.5000006242462227
617956	2413499	0.5016141993959711	0.5001363188017337
1294163	515021	0.5048075441471118	0.501612897631299
2063062	1342577	0.502880152475608	0.5002635703535956
1800416	2888042	0.5	0.5
4691181	4610787	0.5	0.5
1834142	3836704	0.5021968224192924	0.500072253967427
949172	2071647	0.5012135898498339	0.5005241088227182
2536161	4132261	0.5072053336526263	0.5474562599529736
625451	3547349	0.5031815181469159	0.5024068489557338
2290078	107998	0.5	0.5
3494888	248970	0.5	0.5
268519	2884416	0.5	0.5
158115	4633431	0.5363938560775947	0.8167176948298976
4699529	317786	0.5116897538793357	0.5256446085971214
3256646	751974	0.50122548774212	0.500103305783654
3725632	731420	0.5	0.5
2171358	4477620	0.5005133468422142	0.5000062331704395
931647	1765411	0.5030674461786483	0.5010246319737871
2744198	3642845	0.5005938239488306	0.5000041133304813
1765731	1258166	0.5003033980210152	0.5000095884631599
2649630	1742482	0.5020779101153792	0.5003229524399092
1641756	2486979	0.5078876950985246	0.5582825322262288
4036817	1703634	0.5	0.5
3849807	2866908	0.5	0.5
1167211	1840412	0.5181080189585504	0.5882955019113459
4766814	3298954	0.5045370805471754	0.501693971550643
947762	3341056	0.5	0.5
3136926	4534450	0.5	0.5
3730870	3175312	0.5026454779590621	0.5877002909024885
2690278	3761780	0.504778826999641	0.5209442206682605
2058283	8356	0.5	0.5
2646810	4575002	0.5	0.5
3633833	2573172	0.5040106091697225	0.5020510416595175
4247331	82320	0.500526157352386	0.5001136310964497
3983042	2701676	0.504156673833895	0.503490462355088
2093176	2186222	0.5	0.5
1412983	2528294	0.5243709164772913	0.6379993756496934
3920505	4846084	0.5020539790563604	0.5012078782355194
3320046	4335591	0.5	0.5
1262238	1048746	0.5	0.5
3059183	1766159	0.5168610741378505	0.5569981390079322
1495241	4548619	0.5023474005936716	0.5004228673375827
3717996	3452178	0.5004847778197856	0.5000428532761146
908046	458466	0.5006570298452138	0.5000028594212905
319732	3806748	0.5003373818651253	0.5000198286801927
748200	1665032	0.5	0.5
856916	2741764	0.5036828797507578	0.5082337760244817
2695621	4579955	0.5003377937885509	0.5007757544723251
4016649	3678951	0.5024245499618124	0.5004437195069937
3699726	4642092	0.5	0.5
4599604	1537367	0.5113616802188369	0.5113437167528364
4323755	1211774	0.5000352187081195	0.5000095593659221
117178	2785207	0.5031588027394786	0.5000305207548571
2934603	2472584	0.505662077788309	0.6079771285318006
1432887	2529373	0.5007462681025707	0.5001174812008455
4493215	2784278	0.5	0.5
4159232	4217711	0.5013340416583592	0.5021537489494539
3756910	1193087	0.5078560473335091	0.5114618680893911
1648871	4590454	0.5	0.5
4458811	3019604	0.5025941065786833	0.9986296242946379
3148390	2002788	0.5	0.5
769445	2986095	0.5	0.5
4542296	4029056	0.5049340503586502	0.501968423138584
3097604	4305969	0.5002438913525742	0.5004020670132913
3135278	1898689	0.512646111930132	0.5049922413151581
3490385	2303097	0.5	0.5
2880138	1230311	0.5015479826702652	0.5000066853408357
1799854	1094216	0.5	0.5
3441024	3198893	0.5	0.5
1712592	256053	0.5038419544059589	0.5017258776290703
1213060	3485270	0.5	0.5
674419	1687481	0.5	0.5
2253113	4199739	0.5020990640747531	0.5000537891762944
1687100	4699308	0.5195795350538797	0.518316840277814
1687914	1492115	0.5	0.5
4467644	4597686	0.5006243752998296	0.5001279087675714
1287150	4587728	0.5012315246031933	0.5000028566205037
885888	2401150	0.5	0.5
4059232	1934540	0.5032567777623761	0.5082364132635749
2167353	2927967	0.5002424830071781	0.5009615372762117
2431787	2243309	0.5034775327972626	0.5004053110288607
4066935	3061931	0.5120033429937128	0.5054264302753931
2912103	2616761	0.5	0.5
1451983	4398710	0.5	0.5
1760195	3815591	0.5	0.5
1268923	4185459	0.5016339811113248	0.5000075543769859
3584579	4561007	0.5	0.5
3210823	4593452	0.5	0.5
2679215	4079576	0.5	0.5
3308965	1499488	0.5059052372194974	0.50526041481556
1308257	1360090	0.5	0.5
4556619	524247	0.5015337375207429	0.500134048254161
3464435	3158801	0.5025125416652994	0.5000100796511968
4834181	1615948	0.5	0.5
4548696	2910685	0.5028010911440625	0.5001102479190215
1486569	380005	0.5041665702187286	0.5042331076010269
1221273	4569835	0.5	0.5
1504438	1269021	0.5011219128516229	0.5001006273710779
273892	4626132	0.500411184117833	0.5000036289210491
4312824	3833152	0.500152068121832	0.5000044815222607
2240718	1337977	0.5	0.5
1187945	4097285	0.5013355966291017	0.5000294085237049
1628691	4570236	0.5217254425298697	0.5026394047957687
3764155	1080529	0.5000809585485153	0.5000006242462227
2259251	4196528	0.5034721664069695	0.5000003278013576
2299390	1491019	0.5	0.5
1049492	398291	0.501556011574319	0.5082563072542231
233391	2965375	0.5	0.5
717673	3995418	0.5120715173757439	0.517920007732267
2941407	2964315	0.5014563065614882	0.5006433066073498
682761	1558128	0.5016556230880886	0.5005050503332822
4352101	697201	0.5010040147147969	0.5000058536822904
4239933	2533625	0.5	0.5
1068581	2394046	0.5104151598873647	0.5039583598604304
1176065	3366522	0.501033056381258	0.5000015918294578
2913818	4272458	0.502440087105977	0.5750907636380509
4159234	597760	0.5	0.5
4818958	708203	0.5	0.5
3192626	1092178	0.5003396738607888	0.5006596302241757
3438286	4629375	0.5012417193015408	0.500065662615746
879908	4254453	0.5	0.5
1954387	610672	0.5	0.5
1452	3373263	0.5	0.5
4207021	606980	0.5	0.5
1413126	2746611	0.5	0.5
3149884	128838	0.5	0.5
2598830	299664	0.5	0.5
3017206	948009	0.5002254791278945	0.5000717473567021
970600	2125683	0.501121074354545	0.5000202587066971
1211741	4121054	0.5	0.5
2835234	570107	0.5070666672278349	0.5196236833668018
675370	1471569	0.5034721664069695	0.5001427755529441
4610268	1275066	0.5	0.5
1584806	1092555	0.5	0.5
2904717	762869	0.5	0.5
3892708	1170664	0.5124607624266643	0.5481569782431341
3976780	1552898	0.5037878063247659	0.5007352935875912
1808958	3153165	0.5007090756996866	0.5002449510127476
3293844	282738	0.5	0.5
2027803	2619844	0.5002693965256557	0.500007117235096
250137	2976917	0.5	0.5
4418160	3626136	0.5051003553134351	0.5028782424433337
3372601	3785031	0.5	0.5
3318630	701503	0.5331218145133162	0.7457716181668277
3961269	303000	0.5014534842778657	0.5000025316199329
1978642	1969680	0.5090899074702867	0.5009526136954185
1285540	3833101	0.5	0.5
4399173	2631408	0.5008710792580956	0.5000006726378975
1225417	3677077	0.5	0.5
1917370	970119	0.5	0.5
716749	4720136	0.5	0.5
2164938	2616090	0.5	0.5
4021250	1378011	0.504088843171314	0.5005060237435165
1898939	2124762	0.5	0.5
725231	2353568	0.5	0.5
1072647	2289244	0.5	0.5
3316884	1440533	0.5	0.5
2308616	4597182	0.5018382270120325	0.5000199744327155
2468610	1173627	0.5	0.5
4280660	4011543	0.5	0.5
4358480	2619379	0.5000087262065426	0.5031070915406889
4247587	4266094	0.5022189203442801	0.5005438386356819
1362833	4644467	0.5091135738678502	0.5075913972527284
4849080	384166	0.5	0.5
2933517	1722935	0.5013297840987073	0.5000232504497607
251110	4829418	0.5	0.5
3046801	4326881	0.5	0.5
3300747	409240	0.5	0.5
2205989	736972	0.5027215905392457	0.5000694459981401
4759196	2959134	0.5	0.5
352777	1582441	0.5077048694989013	0.5032006964278616
4732444	4677915	0.5002673796536571	0.5000165322047289
1450478	3800540	0.5	0.5
3345046	4255985	0.5	0.5
807609	2070084	0.531860538412087	0.5572378363342975
1893341	2401643	0.5006053265807745	0.5002066961747281
3968198	1413750	0.507478074822544	0.5006946560779294
3502346	4395778	0.5065308332041542	0.5267314949549358
3424526	865480	0.5029498182831518	0.5000122814915571
3997092	847152	0.5	0.5
871619	88771	0.5001843657733552	0.5024271654007478
3591727	4128045	0.5000940910790549	0.5000028566205037
812874	2576794	0.5	0.5
2967237	819090	0.5006553076195471	0.5004358789184267
2683846	1765869	0.5	0.5
3933860	4187117	0.5	0.5
3755255	3173162	0.5034842641567762	0.5020968645956168
4479676	2054407	0.5	0.5
1092129	4740893	0.5043681684333827	0.5006927673444141
2978353	487236	0.5	0.5
2831459	3748022	0.5000552852717782	0.5001714677573386
1861711	3429791	0.5740135866719733	0.5675074269928274
128268	3306286	0.5	0.5
4447307	3657540	0.5004504503285853	0.5000003278013576
4583130	4195270	0.5063690822338524	0.5040135488770342
1903802	3756910	0.5118423837170358	0.5319774547853077
1226964	4506897	0.5018072210456402	0.5000100365524064
4122877	478112	0.5023923262415956	0.5003317880086045
3531100	4818685	0.5002118643940998	0.5001014610375684
4722544	1565469	0.5007183903102634	0.500843269608781
492776	2057832	0.5061725259125543	0.5359518403264355
202406	1370056	0.5	0.5
739365	4478927	0.5	0.5
3130360	3381180	0.5	0.5
3971343	774221	0.5	0.5
1639225	497594	0.5166604965694114	0.628410586015126
3080878	3107755	0.5	0.5
314720	466302	0.5026881461427046	0.5010857784551418
4074945	67911	0.5	0.5
4627005	3010945	0.5025575224519464	0.5000781172013695
3763328	2178305	0.5002938410569101	0.5001705600508921
265346	3088232	0.525186629824651	0.6919585937299453
3446384	679574	0.5179480862259523	0.5269081456404935
887938	3994705	0.5	0.5
3223920	2516690	0.5000588166095393	0.5156202432044563
4858799	4350911	0.50035310728593	0.5000003278013576
4510458	1127255	0.5085542983072382	0.508294376249731
2270094	2546813	0.5	0.5
4060750	2393523	0.5046815111294704	0.5000448860079446
4282575	3861442	0.5	0.5
3251045	3297002	0.5046529959618806	0.5000284901028045
3031208	664506	0.5476081471693707	0.5327719138078978
3434262	3173953	0.5	0.5
2226291	4082571	0.5	0.5
2032980	4096612	0.5000087415173651	0.5109759316874105
4143745	683678	0.5	0.5
2220133	979255	0.5033052403156453	0.5198723463514339
552690	1513515	0.5018867834969422	0.5000154269240823
2089216	4666032	0.5	0.5
734968	4266986	0.5	0.5
748396	3222295	0.5	0.5
3473274	4010152	0.5028274910658854	0.5017193276074953
401726	1700117	0.5382584045560131	0.5412448086393246
4205304	4326349	0.5003745317651566	0.5000838281345735
713973	3737538	0.5	0.5
268979	3902256	0.5	0.5
1774406	2445713	0.5010162587631667	0.5000654793081641
1566271	3727886	0.5	0.5
1747009	542316	0.5071423712738706	0.502919059242155
3760607	1428975	0.5	0.5
2062066	3937192	0.5002934271963616	0.5000261205725391
2469227	2769934	0.5	0.5
463854	2442529	0.5059877376896297	0.5004541978370943
3369814	1205255	0.5	0.5
268091	1807947	0.5	0.5
3561896	257577	0.503314868559194	0.5011225454285791
4181239	2507601	0.5	0.5
745210	3851609	0.5008833913069719	0.5001824817437227
4247950	4173475	0.5009469685647092	0.500364963438833
4611286	3527826	0.5	0.5
3094990	3311965	0.500058809691566	0.5000134981912391
4459514	1633484	0.5	0.5
2814285	4198583	0.5014819162298343	0.5003618062770039
2152778	2815618	0.500618811565241	0.5000517503649886
9202	1609289	0.5049178741894393	0.5005776146344585
2858107	3025604	0.5012468802082912	0.5000952491510823
3881850	3284336	0.5	0.5
1200874	703387	0.5	0.5
1730864	4776931	0.503676404332629	0.5008931762387141
1976020	3906437	0.5003635481666664	0.5006179862131466
3478937	4411245	0.5031512187803152	0.5018021978154241
2606468	2151625	0.5	0.5
810847	3601552	0.5	0.5
2518054	3994251	0.5020833212770899	0.5004986830932034
4730476	3723065	0.5058476865755503	0.5075582808646899
2675276	1802531	0.5019684937664469	0.5000003278013576
274343	996371	0.5002768548997236	0.5000720461090115
3650803	3477517	0.5009339964229762	0.5002689972159694
1159131	3007594	0.5055348292595128	0.5023054517942339
4660393	1063328	0.5005330488385635	0.5001025010235743
1430292	3755407	0.5	0.5
4855215	3292438	0.5001660026499432	0.500124688276717
155341	4215650	0.5001379690914209	0.5016025586149548
4791237	668241	0.500962595070383	0.5007926024330707
504848	1473701	0.5008549923267072	0.5009463854159512
812688	440093	0.510867853259157	0.6224593312018546
1218819	4522612	0.5	0.5
904699	3825480	0.5018656629833053	0.5000024224984225
3371729	3273144	0.5005590754285759	0.5013443522955444
2518902	2524567	0.5007338546589599	0.5000016246854778
2608048	891969	0.5	0.5
133167	3827835	0.5002252252099921	0.5001308900493662
1735998	2685390	0.5009615372762117	0.5000006066194312
1851023	2661301	0.5002662406564132	0.5001299376270125
4223007	4651979	0.5048731400383665	0.5025800501791281
2978385	4096612	0.500022173187361	0.671590860818169
2982118	2890172	0.5045883027903515	0.500158012634716
1985096	3281495	0.5	0.5
2872865	772280	0.5	0.5
1730546	2700195	0.5	0.5
3759171	3267798	0.5	0.5
1474194	1736248	0.507478074822544	0.5110252491469989
136049	1205898	0.5	0.5
779856	2791664	0.5	0.5
2976069	2589511	0.5033588746159813	0.5817061890241189
56121	3118599	0.5	0.5
752326	4027234	0.5015243855208191	0.5000516635666687
1129405	1073098	0.5	0.5
4219582	352759	0.5017482446238479	0.5001834189206059
67800	1774334	0.5049503332908232	0.5457122748526806
1562061	3275980	0.5	0.5
4469172	3056997	0.5026560175140076	0.5005764348504282
1632644	2747148	0.502631554648663	0.5007830854749307
2103452	2394094	0.5	0.5
1792282	1275575	0.5	0.5
2337068	2777919	0.5043858524204904	0.5200969345874454
383188	487074	0.5	0.5
3624273	1694426	0.5005341878309425	0.5000213082317995
1927607	3784976	0.5009124077463643	0.500024599035698
2564846	3871166	0.5	0.5
469289	3658913	0.5010741122037689	0.5028651078905265
3579512	3070342	0.5	0.5
3609789	1916723	0.5269624559967134	0.5850855274833534
1005255	2558769	0.5008389253872524	0.5002962084961534
4820881	4005729	0.5	0.5
2666350	3968888	0.5042538240664093	0.5004316105522908
979653	1836007	0.500454710678573	0.5252540812822508
3156444	3459373	0.501461984137617	0.500002105741937
3454223	3088232	0.5009803909004349	0.5019862181096381
1691726	1990675	0.5	0.5
1938140	1764317	0.5	0.5
2920273	123591	0.5	0.5
4778699	1201096	0.5	0.5
267534	1380378	0.5	0.5
1135603	2685283	0.500598597285419	0.5269635131160432
4743153	535280	0.5009025260956028	0.5000006726378975
4164647	4571277	0.5026256322790853	0.500741892522099
3251800	3853574	0.5024380902035059	0.5029923128903491
142496	2824480	0.5	0.5
1353165	2287915	0.502222207590422	0.5039580913468226
4721192	3288243	0.5287640170982445	0.6980139077541555
148935	1140025	0.5412593493867024	0.5687688933840866
754986	4625985	0.5001050420152614	0.5000003278013576
3100893	2493630	0.5	0.5
1456698	2760565	0.5	0.5
3167544	3065172	0.5038539832814879	0.5002892121680261
1615945	2471103	0.5	0.5
923082	3893890	0.5	0.5
3615734	3970114	0.5	0.5
2299912	1008064	0.5021945725934934	0.500255592861647
609330	1397316	0.501357954292878	0.5012073024635748
2338838	4834648	0.5028901412216158	0.5000063188106582
2017826	2903363	0.5064572055578015	0.5048904942741103
1049150	4124480	0.5017746839054721	0.5155855319614389
2608376	3824501	0.5017667770989124	0.5006967655003972
1482666	1660395	0.5021355017101976	0.500583266011349
1306100	1678282	0.5	0.5
2826278	3611999	0.5006024093470706	0.5000074409191018
2395078	2721855	0.5015337375207429	0.5001694915189316
3680790	2927670	0.5165868317749173	0.5158663939166744
4272458	151153	0.5002283104864154	0.5000018112529523
3596185	1595754	0.5106366928667769	0.5149597694805481
370525	4291780	0.5015904518922857	0.5003368923241398
2226097	1974361	0.5	0.5
431391	1102747	0.5	0.5
300097	726929	0.5008928561938181	0.5000086141547783
750926	2586375	0.5002168570053414	0.5000653309347936
153480	4192365	0.5023809343844989	0.500492125825336
3506025	212805	0.5029652937014477	0.5027504124128853
2452484	2199228	0.5046294973287931	0.5000086141547783
1233851	3304718	0.5037763632369776	0.5051929968364999
456126	2103578	0.5060238049186323	0.5006726021785461
3286368	1614313	0.5	0.5
759809	1677060	0.5	0.5
3538278	1922398	0.5	0.5
783972	4757627	0.5	0.5
2085193	3886160	0.5	0.5
623444	2262983	0.5004970177289418	0.5000039275446561
1219418	528928	0.5033936130463756	0.5003240304842749
1998627	538998	0.5	0.5
573693	3400944	0.5000449802085868	0.5000999690913767
1101947	1959052	0.5104151598873647	0.5022935618946309
3887171	617576	0.5068355116069857	0.5015677690223707
4093525	4161490	0.5	0.5
1711569	1503250	0.5	0.5
1318170	2766614	0.503205084304795	0.5019064795501853
2915489	2434223	0.5014792856246725	0.5062496744995104
4713292	1735687	0.5	0.5
4342160	4836932	0.5	0.5
563322	1340111	0.5061630160509022	0.5196205070525848
922949	1049281	0.5	0.5
1455727	1967550	0.5010460235785682	0.500016677785184
4347727	2401865	0.5048075441471118	0.5031788152107519
1779478	4553620	0.5	0.5
820951	1133567	0.5026973304238522	0.5033231715328166
1295223	3606238	0.5	0.5
234766	1989292	0.5107405350179702	0.5087370206335257
495684	2052579	0.500704224886448	0.5000025316199329
2604474	262528	0.5046265431277789	0.5005923440547064
4457096	3095483	0.5	0.5
3225386	1483950	0.522541101445836	0.9518765343075972
3959449	2151517	0.5	0.5
2695091	2128045	0.5	0.5
2245867	2784159	0.5	0.5
1719345	2177982	0.5146701986334756	1.0
3795465	4690299	0.5	0.5
2902003	1374445	0.5	0.5
1895458	1253026	0.5001787629526978	0.5036157260039374
888120	888836	0.5017258314104127	0.6652189523388058
4866498	2486525	0.5007250574964146	0.50002043948844
184687	4696690	0.5006115184853973	0.5039714810724566
2871308	1064883	0.5	0.5
552693	4180588	0.5045730432122516	0.5126751559936266
460696	978745	0.5	0.5
3721072	2717219	0.5028248287016003	0.5005760177379253
242742	637362	0.5171807333821855	0.5103391465293963
4147170	3324817	0.505390626704352	0.5000822010808821
1299015	127123	0.5068012733409765	0.51635286269309
833087	907052	0.5785369207766826	0.7110217672928215
137437	4005148	0.5	0.5
2474997	2999710	0.5	0.5
4137763	2898182	0.5	0.5
475232	3873884	0.5	0.5
2519600	3144985	0.5006963783798114	0.5000074409191018
851486	1253335	0.5	0.5
1484675	2555689	0.5077633512060349	0.5007394270010126
863325	3528798	0.5003078817344864	0.5015822731991663
865410	2270767	0.5149818898843156	0.5342769367602177
1588061	4013191	0.5238788795945356	0.5292313343248298
2975625	2363738	0.5007812493642178	0.5000003278013576
919101	1522214	0.5	0.5
3893222	4116046	0.5	0.5
4759359	824031	0.5	0.5
3298060	3649303	0.5	0.5
1618544	1613382	0.5	0.5
2324352	816913	0.5083515390662199	0.5069188075454774
4499487	3804486	0.5	0.5
861461	2833178	0.5007716043257473	0.5000003278013576
2713798	2885043	0.5004892366344732	0.5000025316199329
2475214	343584	0.5086198355464996	0.5001507840726305
2815706	716282	0.5041383554606037	0.5038386718447617
810494	785119	0.5	0.5
3743292	29959	0.5325625425618168	0.514683902574126
4022436	2309371	0.501033056381258	0.5000086608569216
1576600	3241571	0.5119025128376735	0.5237488690573211
3164595	727760	0.5	0.5
2342340	2371785	0.5	0.5
3318025	3258850	0.52497918747894	0.502452710231839
854025	2258576	0.5	0.5
3446567	621120	0.504153982973407	0.9002569222679488
3067879	2330265	0.5002546862045418	0.5088868874499081
989455	1268920	0.5	0.5
3517389	843636	0.5015839440150257	0.5010306249209425
2506342	1857594	0.5000220575260136	0.5000003278013576
863783	4395944	0.5138001751496297	0.503733582963509
1632116	1528823	0.5	0.5
2359631	4515216	0.501407929677423	0.5520887730711804
3317934	3629131	0.5089645564946019	0.646623312432945
2932339	2350634	0.5	0.5
927463	1514817	0.5	0.5
3598083	1721413	0.501049616778796	0.5015385383262126
2429371	9946	0.5	0.5
1039279	3411931	0.5	0.5
2895068	3918393	0.5	0.5
1854023	1483116	0.5013227482369204	0.5015527900389998
725415	2082827	0.5027472251014413	0.5014124256215624
1202857	1678405	0.5004340276687615	0.5000006726378975
3689215	1218296	0.5016286587349907	0.5009437229071145
4528705	1142702	0.5040375972948834	0.5014234854085229
4034438	711824	0.5	0.5
3782034	3556169	0.5009765612582384	0.5000003278013576
1014721	1666556	0.5	0.5
3270580	3395510	0.5	0.5
2324422	4426524	0.5002316959982444	0.5000038051171214
1194190	345813	0.5004734847069522	0.5000018112529523
2625217	1996375	0.5	0.5
2824005	2211339	0.5	0.5
1576591	4166917	0.5000301150394143	0.5000044088054822
380525	4664852	0.5	0.5
3993072	2416078	0.511762535252386	0.5011884097163622
1094048	594102	0.501638570913091	0.5002679214327311
4600134	624993	0.5	0.5
2764263	2893207	0.5	0.5
4177865	2882100	0.5018844131883756	0.5001269523766256
4623321	4808386	0.5119705498760567	0.5027305879751311
3718908	4679904	0.5084570141265424	0.6586312392429563
2745387	3910839	0.5	0.5
3195688	112647	0.5039369265110415	0.5019455402933558
1813368	1770441	0.5511537318112406	0.8930539810482924
2009930	4758377	0.50025715352137	0.5000356260536656
1787403	2443214	0.5	0.5
4726874	1894531	0.5	0.5
127950	3728341	0.5002377394196603	0.501419876177647
3794842	3706176	0.5320505878481098	0.5556238598596966
3296250	3535207	0.5703546102676269	0.588451324244949
4811622	757734	0.5006903872404849	0.5009890947012122
3683564	2701054	0.5042917400892997	0.5017627569501385
1283657	689821	0.5025029237339274	0.5020395645473522
3836659	4321162	0.5007182571519091	0.5193179852157825
1488401	3872415	0.5006111587407843	0.5018233765204227
31098	1030864	0.5073094207536364	0.5007532325547052
2451660	1970291	0.5061472312297125	0.5001869677266815
718458	3720766	0.5	0.5
2002799	4114575	0.5059724121758234	0.5122746089834415
2005497	2338090	0.5	0.5
2118551	3452067	0.5	0.5
3778796	254059	0.5001870137554921	0.5000477890529441
4348766	3973930	0.5	0.5
3475909	1973662	0.5	0.5
240027	3855745	0.5026965098455694	0.5028179289029194
4263251	2518627	0.5023809343844989	0.5000003278013576
942440	2191992	0.5007062142196433	0.5000003278013576
850459	456126	0.5000618658744678	0.5000023612973912
3716119	3025121	0.5017006737136054	0.5028156456280881
988417	1104604	0.5008503393162387	0.5000003278013576
5221	2981668	0.5014970015149324	0.5000547113017304
2021460	243830	0.5	0.5
4774646	1196225	0.5006708403845912	0.500464053129156
2435515	143446	0.5013015589343528	0.5019804943694792
3941703	211323	0.5038460779869267	0.5004118615213454
651778	2540894	0.5053678919161093	0.5006020087379757
477326	3487516	0.5	0.5
3861672	3647364	0.5	0.5
4749201	2707342	0.5006553076195471	0.5009515189996991
1255094	3818809	0.5010204067466244	0.5001941237725106
437391	1021368	0.5	0.5
4817391	4563454	0.5	0.5
3910665	3985168	0.5008169927369526	0.5000018112529523
1150281	4486106	0.5	0.5
4858996	1582222	0.5004734847069522	0.5000325605626005
4204662	2133364	0.5	0.5
3656099	1380448	0.5	0.5
4788248	2048276	0.5	0.5
4716646	448823	0.5001371454352647	0.5602946283927691
2844962	2757201	0.5026119165397495	0.5014559746586005
2161230	2087517	0.5010917013219602	0.5000018112529523
3808182	3103806	0.5	0.5
419149	4406065	0.5	0.5
3847967	357466	0.5003692761514698	0.50000988337616
987441	824382	0.5021008279733923	0.5003087678029635
4762542	2767142	0.5162105328632659	0.5034196802175365
2914647	4841268	0.5	0.5
1275299	1593758	0.5079044797368689	0.5135798783224045
3757241	3248594	0.5071030968048597	0.5375592276920937
219686	2015738	0.5013812119562608	0.5004106161121042
3249932	1068993	0.5	0.5
2704231	3435043	0.5	0.5
2691310	3640458	0.5002966771803729	0.5002519517365038
2581947	3759750	0.5	0.5
1689039	3927655	0.5	0.5
2694816	2207956	0.5057075146358042	0.5016536651866736
4405100	2051732	0.5021575851070016	0.5010745798177852
3352123	3510148	0.5	0.5
2584682	3162385	0.5	0.5
2680834	4254453	0.5006257819010403	0.5033601644675572
3202510	2092295	0.5	0.5
4468086	532755	0.5014970015149324	0.5000023612973912
575651	4258315	0.5	0.5
2883988	824046	0.5113097126744488	0.505052729778887
4008358	4483821	0.5	0.5
2939315	3155408	0.5000145148414213	0.500017030812908
4839526	3833152	0.5	0.5
3507863	177506	0.500566465014439	0.5000765523991954
4619061	4289016	0.5012562787634187	0.5000003278013576
4380434	3731768	0.5	0.5
3213547	2706025	0.5	0.5
4094697	212805	0.508731324476006	0.5246877349020443
1927960	1579810	0.5020277988474687	0.5001698361538442
2640387	100754	0.5012406922426472	0.5000060740741862
3852854	3785477	0.5006702408854128	0.5000023612973912
1700836	350886	0.5	0.5
871160	3340066	0.5	0.5
2772925	2456239	0.5	0.5
1548013	1078672	0.5038460779869267	0.5035284162923066
2242956	3882590	0.5010976605126448	0.5002220654296756
3603630	3489034	0.5	0.5
1064556	3912526	0.5	0.5
19760	5113	0.5	0.5
740005	4510860	0.5032707155769518	0.5019105023431703
4765846	605639	0.5115364137270703	0.5026581659555815
2609436	653633	0.5077915770119057	0.5165303053017626
2766747	321857	0.5	0.5
4094066	1628264	0.5	0.5
1246601	1897862	0.5	0.5
4232521	2779791	0.5057800893208229	0.5022309850982216
2554658	3240496	0.5005401232466942	0.500692392542923
415254	3129186	0.5016519763677668	0.5154900151098245
4400995	1187964	0.5064099052249075	0.504283145433628
2850445	1118530	0.5	0.5
3729828	2294440	0.5015706754617217	0.5004986370944356
3370783	4790649	0.5002610903847571	0.5357077443533997
3001815	74323	0.5	0.5
3394828	2633571	0.5144861682092216	0.5478484275704579
117653	1995601	0.5	0.5
1675257	4723059	0.5	0.5
3897513	733605	0.5	0.5
19484	749672	0.5021329673494574	0.500333514354845
4284282	4516132	0.502446727735415	0.5007354809055634
833524	3841591	0.5	0.5
3879365	4329629	0.502005336841195	0.5020440641727135
4251792	57883	0.5018891597759741	0.5001629932525903
2835662	2379122	0.5	0.5
2313654	3448488	0.5011803566363805	0.5007638821847389
3800305	4420839	0.5039999146688512	0.5000574267545209
399565	2956791	0.5015923513044809	0.5000049944769185
579536	3165162	0.5	0.5
225697	982493	0.502077550370539	0.5005216479455772
457555	1106852	0.5	0.5
4857001	321177	0.5011961699667866	0.5000027241359243
4655006	1987945	0.5092582009614421	0.5019379747913144
3163774	3004014	0.5	0.5
4498101	2926541	0.5005308720644818	0.5058950884995911
2807375	3247071	0.5024390050446069	0.5000446618019144
3222303	1081619	0.5024212885789344	0.5005579072783103
4736009	1835245	0.5	0.5
401959	2653845	0.5	0.5
813047	3009562	0.5003660321454468	0.5007961776710198
2899933	536723	0.5	0.5
4154717	2424452	0.5047156549425992	0.7550733676893817
1413512	3299579	0.5	0.5
2940424	1904054	0.5001932420398485	0.5009909968117177
602340	107996	0.500783698417781	0.5000003278013576
1011757	3739100	0.6418340450887311	0.5316580461256337
940042	4253433	0.5	0.5
3905250	452890	0.5	0.5
3066444	685095	0.5	0.5
1325436	3202770	0.5006038644406986	0.5000025316199329
125872	1465269	0.5024999791668749	0.5011415505279461
3407905	765543	0.5	0.5
2623580	2337217	0.5070307865509417	0.5018009452081849
4211984	2596286	0.5040199046911844	0.5031810605922596
2349594	959247	0.5178495544061347	0.5009898177115044
2061150	3837284	0.5013850380086164	0.5000044815222607
1399058	1796644	0.5004105621619297	0.5860359535451811
12547	957725	0.5003551135766545	0.500013599556478
2361673	2593954	0.5	0.5
3305322	3169329	0.5004488329135541	0.5000006242462227
702865	166306	0.5109410141705545	0.5028353174215117
4311665	2499401	0.5	0.5
4052122	2588244	0.5	0.5
2187451	3356265	0.5	0.5
2544398	4360802	0.5033112098709093	0.5001111432392575
1164032	4779044	0.5020161181055112	0.5045568818161802
4125905	723257	0.5755050334651687	0.6082536795556954
3169284	2502590	0.5	0.5
1360006	475380	0.5	0.5
3158482	4350093	0.5011061928854509	0.5006756752643808
3082677	3108490	0.5008250817593395	0.5008741249835721
3139086	4343940	0.5015354196087928	0.5019092890252852
1044619	1269131	0.5	0.5
2390374	4143831	0.5	0.5
4779046	4399430	0.5	0.5
4420475	2868440	0.5050914737011454	0.5028468311698691
815236	2155768	0.5	0.5
1676054	2238637	0.5574376329113074	0.5885407913411779
842454	1847353	0.5	0.5
153792	778021	0.5	0.5
336290	87195	0.5069247649600856	0.5230811346037024
2410512	3528096	0.5001618122920857	0.5007612523204675
3185337	1129762	0.5023696505046535	0.5004159875336535
4086406	4539579	0.5016141227634141	0.5000530953850628
4174741	1729680	0.5	0.5
1429183	19269	0.5	0.5
1479088	3296983	0.5	0.5
4139326	1040056	0.5205230129691549	0.5446876779760267
4311720	3703326	0.5	0.5
322366	3277122	0.5	0.5
2153824	4079268	0.5066662716330296	0.5005087257113612
3690840	3870459	0.5027880751917185	0.5011559453670538
1351195	899384	0.5000452570599778	0.5000123236030127
1434155	4593423	0.5503137890771168	0.6291291205923545
4315651	2905649	0.5	0.5
3064744	4544439	0.5	0.5
4034922	2589566	0.5	0.5
2845752	3671414	0.5043667012025197	0.5004267276239488
3526944	4061862	0.500913519080977	0.5000074216240259
4376408	732151	0.5	0.5
1949391	2153670	0.505060555938421	0.5086402997129136
654545	2988500	0.5002577319359361	0.5000014249150109
4223263	1730211	0.5	0.5
1073493	777566	0.5	0.5
566130	3072002	0.5021953755735128	0.5000814632489373
2198631	4151869	0.5001064282657405	0.5010869548094605
193805	2692947	0.5006097557952828	0.5000224902175527
1076285	3926802	0.5000181305581413	0.5101057061879621
3623028	873318	0.5	0.5
1313574	594010	0.5033332839514952	0.5001688458618394
4080369	357567	0.5024373066000428	0.5009459364577202
3541501	2386108	0.502831684935514	0.5000289081998859
4388455	290600	0.5000432975405915	0.5000967449069863
978544	4006430	0.5	0.5
2758155	4793999	0.5	0.5
3148813	4008655	0.5025719403208478	0.5947127448868023
886710	2924181	0.5	0.5
4600732	1149539	0.5039633316230123	0.5034855651897902
1509450	4095467	0.5	0.5
4572867	1104006	0.5	0.5
4222997	2017471	0.5003852079361144	0.5001255650400525
979255	2387274	0.5	0.5
3443847	2887128	0.5021551590668575	0.5000006726378975
1514261	2948384	0.5200784825276282	0.5234509328864374
4720585	1171375	0.5	0.5
3758681	2083451	0.5080141101564256	0.5085880372540631
475690	4597102	0.5175366634967408	0.5250559135235736
1333051	3296285	0.5040229016949257	0.504506878776864
4287735	1584619	0.5	0.5
404943	2187723	0.501261915436175	0.5001128929642621
4403473	287108	0.5009074400200265	0.5000116946291115
1695500	2846784	0.5018172297970404	0.5001388654717246
1164371	237082	0.5089276225092765	0.5000003278013576
2560408	4305715	0.5	0.5
185853	1109441	0.5176694067884356	0.519501473385774
4325261	1991267	0.5011792430965152	0.5005518761555795
1223102	3696730	0.5015151468774228	0.5006049649543777
2819109	242455	0.5	0.5
1535073	4743804	0.5071551465815749	0.6251492721658954
762479	2791241	0.5012077271197953	0.5002246181340362
4147354	4141931	0.5012437785290421	0.5000062869302029
547157	624837	0.5138853177460049	0.5086702876201291
4459145	1145009	0.503953826305903	0.5124320868228309
460728	2556091	0.5	0.5
4306404	4760153	0.5000675033160572	0.5002320451138759
2739333	4405133	0.5026041431194082	0.5000028566205037
3684207	3990211	0.503865902343097	0.5021114932283138
925412	184085	0.5027300820728801	0.5042930793917162
3694046	1520254	0.5304816342209036	0.5540357666990419
2481712	3463660	0.5	0.5
3089257	428189	0.5	0.5
1896939	1694355	0.5002634351705662	0.5000023612973912
2085462	3162560	0.5068429041155581	0.6347617474177476
4315155	4288798	0.5	0.5
2939884	2157122	0.5	0.5
2712752	1770518	0.5007392070309212	0.5001031850018536
629031	3388216	0.5309237829370367	0.6226671178133109
3259802	4582461	0.5014231460619563	0.5005768961789178
2870198	4470008	0.5007476414947791	0.5239135885640606
2628106	1238203	0.5	0.5
1181282	657511	0.5002178965579667	0.5001127628589717
3498717	4516447	0.5	0.5
154714	2622445	0.5003576537301305	0.5000094062758661
2261005	4858197	0.5	0.5
3491685	714035	0.5000147087664205	0.5199068651670922
1574437	137934	0.5	0.5
2506473	1266825	0.5000373468777316	0.5000003278013576
2005701	90125	0.5	0.5
272134	3894567	0.5106193178809977	0.5012667679185129
4523563	4529968	0.5012026435015375	0.5510330525021973
680757	377629	0.500378787806323	0.500000490494222
362148	3410967	0.5	0.5
2472584	3513910	0.5106366928667769	0.5180296328690251
127619	4234840	0.5036231249892826	0.5000064888104232
1301087	3467005	0.5002934271963616	0.5000044293633441
2631035	3967228	0.5003161888280037	0.5000095419613386
2730650	4519597	0.5	0.5
3392535	3653797	0.5014124256215624	0.5000041725503435
775328	1776702	0.5302659827682416	0.6373617834291453
2319421	2990704	0.5228385742172007	0.8318791027012493
4025298	4761250	0.5011013198048357	0.5000261287625181
4054509	4314283	0.500464252419975	0.5003964089620822
4425037	2781628	0.5	0.5
2237222	1192436	0.5080207022879117	0.5120576122151212
3336834	3106848	0.5016891827627318	0.5000003278013576
2494843	2829288	0.5005707760077737	0.5000564334083383
3216710	4324862	0.5	0.5
1038362	4322367	0.5	0.5
3939380	151427	0.5039681706526835	0.5000737051738854
3474714	837222	0.5024330708195589	0.5002658337406658
2690307	848246	0.5	0.5
4258438	1440232	0.5	0.5
1499536	762056	0.5	0.5
1410000	3198135	0.5022654429196135	0.504545102246235
4079269	890960	0.5	0.5
2761066	724868	0.5018050463099796	0.5000199650754932
1445324	4820881	0.5009731600086194	0.5022397102908882
2402582	2354103	0.5	0.5
4117461	4607502	0.5020391404075257	0.5007646365001849
572226	791325	0.5049340503586502	0.5013006282960442
273715	476407	0.5131548582061607	0.5151069589171661
1747728	3849492	0.5	0.5
3561052	4007276	0.5051913637474787	0.5206491592449868
18331	3593013	0.5	0.5
919215	32933	0.5	0.5
1304820	4276097	0.5009727614185918	0.5000486475966552
1525671	1400706	0.509357196154918	0.5076873461419548
3494194	3501344	0.5	0.5
4305360	2759898	0.5005827503188826	0.5001382743327581
3473703	1105946	0.5	0.5
4793374	2883450	0.5268558497359768	0.515130733156998
4043495	325891	0.5	0.5
2973142	1374657	0.5018921385551511	0.5001810566761588
2290322	4486882	0.5118321101421244	0.5013556195873449
2653433	90257	0.5	0.5
4454192	4332029	0.5	0.5
3196935	4053811	0.5002286236694806	0.5000864301619531
3824752	2725607	0.5	0.5
1745731	2243983	0.5082516779176137	0.5040758272396614
3089513	2403010	0.5010906429624281	0.5001146385716715
2735303	622071	0.5	0.5
4559986	3378736	0.5006666662716052	0.5000006066194312
3600628	2064607	0.5070170831153976	0.5016927593525647
3905067	3393225	0.5	0.5
2096490	1246259	0.5603357812258588	0.9788427420434667
3029390	379057	0.5	0.5
1832518	4370950	0.5	0.5
188743	2092812	0.5	0.5
2447113	410275	0.5121927042988743	0.5016242098646554
2307937	4048147	0.5189303410379688	0.5057374170885393
4690365	1339133	0.5	0.5
3200341	3453522	0.5002187226457161	0.5005399565935542
2956147	2501960	0.5015769709193112	0.5240969816113246
1227156	3239338	0.5	0.5
3440116	1891147	0.5	0.5
739545	2223912	0.5	0.5
3332801	4155389	0.5029362078580698	0.5028820091681008
4630411	726638	0.5009756645100492	0.500069076240699
3292676	2597381	0.5	0.5
4361726	534121	0.5112917142755325	0.5769052967287729
3768380	1423570	0.5004222971968835	0.5000034877706485
176774	1047789	0.5	0.5
2589604	807761	0.5008896787763595	0.5000003278013576
2161208	473130	0.5251204750167724	0.5304844963421246
760911	2675321	0.5106366928667769	0.5021649027976657
1674134	2435135	0.5005010018363374	0.5007225942974576
616538	4161676	0.500087047352881	0.5000006066194312
554768	3078648	0.511156169828651	0.5398354501318029
3214317	1735883	0.5009188095237411	0.5375985016413614
4398018	3262683	0.5	0.5
1361880	1744811	0.5022727116204649	0.5002280723840293
1223354	4208140	0.5000656167975236	0.5000003278013576
2377378	2574560	0.5197080939338371	0.5142024293189521
1440901	3482871	0.5046840171451547	0.5027331718431152
69444	3789363	0.5	0.5
3248527	364458	0.5041155676670991	0.5216045700884603
632892	2607954	0.5	0.5
370983	852119	0.5	0.5
3957402	3989690	0.527096069535226	0.5275581170741339
289215	938763	0.500917430163084	0.5000070231832424
1025283	2977357	0.5511306858048889	0.5340402535236248
3930883	1625272	0.5040321706522466	0.5001019410088586
1926769	4183382	0.5018939303358944	0.5000003278013576
4299096	4188270	0.514777186314669	0.5070363034766044
3238785	2616535	0.5	0.5
1325894	2598896	0.5022522370192221	0.5016666604938546
67665	382209	0.5010822493921137	0.5001412429340961
3658641	1334501	0.5178840502305717	0.5051515340547763
559652	20388	0.5000409674881097	0.9001394265081368
1236650	3245665	0.5023147982767849	0.5005112472655938
444473	3586386	0.5033068300914779	0.5001709076341632
3893485	105683	0.5	0.5
1262578	3434396	0.5	0.5
4487749	4513294	0.5	0.5
4175026	165651	0.5013297840987073	0.5000873155515676
456895	3833698	0.5	0.5
4794114	577845	0.5	0.5
3207642	4238096	0.5	0.5
2911256	345296	0.5	0.5
1278054	4085567	0.5007462681025707	0.5004233597721872
1577581	4420285	0.5	0.5
1979383	4351306	0.528450248733936	0.5050963331468846
1054015	3135338	0.503205084304795	0.5002562581571357
1093575	781031	0.5	0.5
2795094	3649212	0.5	0.5
1233950	3153504	0.5066772278354922	0.5696198633699268
3567284	1497894	0.5111238186330577	0.5055453795094002
1710577	1310839	0.5	0.5
2686174	10115	0.5	0.5
3730580	3067078	0.5	0.5
4655510	243176	0.5020408049934598	0.5010821797674346
4363166	952893	0.5	0.5
4805386	2662315	0.5013020803899021	0.5001932230079617
773004	435747	0.5004789270565957	0.5000018112529523
2853045	3350833	0.5102216240078256	0.5135634193240843
622386	4563330	0.5001308215564078	0.500057723389261
326452	580398	0.5	0.5
1677331	1950471	0.5025772967611489	0.5001580566720939
3696903	4627252	0.5129946360618777	0.5595277441928764
993398	3117644	0.5038495616156096	0.5039850958328321
3946091	261556	0.5014204507240821	0.5003463776139769
3197538	1772038	0.5	0.5
4261799	3995236	0.5	0.5
3892940	1131169	0.5024752273043226	0.5000095884631599
528340	2537385	0.5	0.5
712547	1102206	0.5017123220729314	0.5004215850602957
4819083	3443517	0.50142585164818	0.5017224457732591
2586529	2971250	0.5	0.5
3144269	3965490	0.5359547822742251	0.5926053652860545
1453814	4852987	0.5015943823510587	0.5000148931275142
395117	3296710	0.5	0.5
4493888	1975369	0.5004807690826032	0.5000036321899199
1677157	4671494	0.5	0.5
4655993	3793690	0.5001163331761233	0.500126071606002
3113932	2656185	0.5	0.5
4565735	1072872	0.5031295614868984	0.5006370594866644
1050485	3041739	0.5016094365015171	0.5001673066896524
700731	3764731	0.500023141719876	0.5000420733758684
1781994	3511998	0.5	0.5
3660326	1588708	0.5	0.5
4505818	2887963	0.5002281715691931	0.5001994995644491
1530855	634165	0.5	0.5
2145365	3777242	0.5044344735256884	0.5015247334802143
1629000	3863501	0.5074504288986257	0.5111653077907168
1139129	294239	0.5474755951260479	0.560016741299543
4139305	1108809	0.5	0.5
4225437	4674411	0.5	0.5
4454647	225124	0.5	0.5
3446942	3258677	0.5	0.5
292084	2102776	0.5113616802188369	0.5021614883208058
1427709	4747550	0.503759327655351	0.5033504194834412
697912	4612494	0.5094476942686377	0.5293197999510817
3578545	1604914	0.5	0.5
965813	1277950	0.5	0.5
2522287	3273144	0.5005491485985252	0.5025370111229814
2200489	4626853	0.5035786709956187	0.5009854164188806
551741	4856114	0.5011503047190141	0.5002863395619302
211987	2616242	0.5039061705290805	0.5000050422851007
2119957	2608710	0.5	0.5
340456	2305549	0.5	0.5
143652	336189	0.5004071660337762	0.500018402705028
656728	4390738	0.5	0.5
2060035	4104762	0.5077814728380708	0.5051704266452278
1869476	2462897	0.501645934069261	0.5001380469485025
884526	3327588	0.5	0.5
4798911	2351301	0.5	0.5
3711007	101762	0.502128940905564	0.5000230019743723
3374895	314924	0.5326077814345702	0.5879322219436087
4207706	1840022	0.5013537873055168	0.5007807557445614
796367	831156	0.5	0.5
3481117	2900535	0.5029353870192714	0.5003427056625527
3316377	4094697	0.5	0.5
922843	2710045	0.5	0.5
976193	3888365	0.5	0.5
54323	3358359	0.5147410351500041	0.5111049566616005
3093160	866014	0.5	0.5
1924479	3296013	0.5113063534402372	0.5365158955602941
3004134	4307753	0.502173899345327	0.5000134995961675
2839397	2652623	0.510867853259157	0.5241757886214402
2730409	45986	0.5018050463099796	0.5017457883486277
1695915	4259826	0.5	0.5
4461572	3036365	0.500483558843437	0.5000058016755237
733542	4853330	0.5	0.5
455141	1838184	0.5	0.5
532578	4796771	0.5	0.5
218953	4117610	0.5007331373045057	0.5004734847069522
3716915	1548893	0.5	0.5
3053148	2617372	0.5065785677232344	0.5020491688548858
2106673	1599860	0.5008250817593395	0.5000003278013576
4190805	1636302	0.5	0.5
3961117	714236	0.5007788155695181	0.5000023612973912
1377969	4565646	0.5	0.5
1008703	1852018	0.5406080351800289	0.5139853131620102
614504	1799445	0.5	0.5
144710	1125599	0.5	0.5
1069609	986979	0.5	0.5
4003133	4204052	0.500053006530206	0.5474207258017866
2073638	1522373	0.507352411166006	0.5042102429051526
779591	1358385	0.5024096198994249	0.500564134190174
1426916	4448254	0.507352411166006	0.5031098692563415
2338507	696808	0.5	0.5
1919947	3056079	0.5023408068682621	0.5004935480723186
216300	857288	0.5	0.5
3998824	2428800	0.5006561676023131	0.5000135200908516
3504235	1014927	0.5014044906880183	0.500055922421748
2299421	2077429	0.513573281399822	0.5540815407371343
572208	1306207	0.5	0.5
751949	4753457	0.5013812119562608	0.5000728353314537
4459325	349769	0.500483558843437	0.5004553732802886
2021996	1096690	0.5027777492001699	0.5029849622262687
4582850	4530690	0.5007440470698349	0.5000003278013576
1283175	301577	0.5015432049763628	0.5002415458749293
425592	804801	0.5020080213328861	0.500085668577626
2044073	3371037	0.5	0.5
569377	4812681	0.500753011478889	0.5000003278013576
2185449	2828364	0.5049637358408353	0.5033221946681266
1412406	4302821	0.5277492350545132	0.5014970408841232
4243983	1853961	0.5017241310973851	0.5002049180213138
317762	801878	0.5	0.5
983607	1480185	0.5054316168503343	0.5214376386033026
3236313	2234069	0.5003912362268828	0.5001217137269045
3213568	1682097	0.5	0.5
277167	3471248	0.5	0.5
3835319	1977385	0.5	0.5
3451039	36246	0.5011037509664933	0.5006374628778902
660986	101003	0.5021644886434791	0.5029425677511274
1997835	1654051	0.5	0.5
1620145	1407969	0.5009960146187966	0.5006527411435412
4308422	3686117	0.5	0.5
3703565	4115825	0.5003363443659496	0.504652379097466
2313595	3121459	0.500547045733582	0.5000113040332772
3198069	3383073	0.5	0.5
4109862	4482088	0.5008620681113081	0.5000998104900438
63419	1701148	0.5	0.5
2739660	3283164	0.5030079851013568	0.5000477679980222
2169549	2208689	0.5010799119277016	0.5002235420721778
1450320	1541775	0.5029761553270468	0.5006510412987369
4278656	4488598	0.5023809343844989	0.5030863805520918
1381293	3720786	0.5	0.5
1548572	2946706	0.5	0.5
2641051	1058048	0.5	0.5
309574	1226975	0.505833068687248	0.5012574010032353
3600303	433609	0.5	0.5
1479553	342516	0.5	0.5
3653599	4169815	0.5	0.5
702070	3353876	0.5056473501984241	0.5261563718814418
606562	1963907	0.500620347076236	0.50034106022278
1601288	3038110	0.5009398485171478	0.5000412269128353
2612363	1312254	0.5006297225889582	0.5000029098527614
4384646	690657	0.5032327135752002	0.5017608503984775
4170044	2449547	0.5166604965694114	0.50271736455026
2787002	2382117	0.5066133709107988	0.509395326198766
3656282	183794	0.500392464597578	0.5000028566205037
4757732	4796773	0.5039231976020987	0.9224658980132219
4471609	113182	0.5077832540230228	0.5099124945908715
158235	2647536	0.5008581227272595	0.5017778804617469
3863062	1245989	0.5133470899763958	0.7607984510032566
2369634	2796817	0.5031865153750898	0.5143813869372105
4779430	2450275	0.5	0.5
841644	378843	0.5	0.5
2069466	4059533	0.5007462681025707	0.5005506605703177
4804968	3347711	0.5	0.5
1119602	598319	0.5023645567489877	0.5000705369374058
3200364	1635042	0.5004479936471611	0.50464034647772
641893	142116	0.5028735315813928	0.5000015440131169
3649600	1586497	0.5	0.5
3705151	1597846	0.5	0.5
2689691	3967571	0.5	0.5
2324971	252017	0.5470036553192298	0.5671900425857148
3855867	4500259	0.5	0.5
4392569	1202817	0.5	0.5
4096612	4409813	0.5000013452649364	0.5000050503316883
2157499	3852135	0.5012921104467895	0.5942968927312093
2434497	1437980	0.5	0.5
4668030	2634700	0.5001031647764936	0.5002879234721008
2913556	3913470	0.5	0.5
830202	1086605	0.500664388371313	0.5015103886763717
4245940	981592	0.5009980026666528	0.5001214515334805
4589413	3364546	0.502659549385616	0.5006155904375644
294574	3088440	0.5007052181501336	0.5000302671433368
2814017	4445347	0.5005288205325921	0.5154260633044287
3533123	3086451	0.5004914003331863	0.5002561862493038
3229914	2949033	0.5	0.5
970731	519315	0.5	0.5
4688520	2795159	0.5130567324255932	0.5094304640453484
269252	2041783	0.5069199733473835	0.5032754478890117
4604264	2264881	0.5	0.5
2722351	3640207	0.500265392756393	0.500000490494222
4013082	3639154	0.5033890127178133	0.5070184190847798
3291892	4597493	0.50099634540989	0.500382774330162
1367655	803481	0.5	0.5
3169340	327965	0.5	0.5
339567	3863742	0.5203749768958444	0.5194784119345963
1983366	2984603	0.5001697520611524	0.9114712275522039
4259589	3414182	0.5000714694106053	0.5000183737616903
1108548	2216042	0.5022288113889256	0.501560372858965
1337541	2322497	0.5	0.5
1829249	1776000	0.5020939849656765	0.5755295686412631
1150506	1371900	0.5007621945315641	0.5000025316199329
3798250	1328064	0.5005307853632461	0.5016466082897988
4724359	2245972	0.5	0.5
4802205	4060090	0.500387596821586	0.5000204148293207
4533563	1194784	0.5	0.5
2548298	2894167	0.5	0.5
2976480	2265640	0.5	0.5
1140217	2539248	0.5001902794297617	0.5000648044861643
1708548	3128487	0.5	0.5
3394276	1828719	0.5	0.5
1336173	1310817	0.5014071257410749	0.5001664988652176
2947741	3844365	0.5184211457104122	0.533750676076153
2945223	149736	0.5028675389463437	0.5005156710006483
2767192	4337224	0.5106366928667769	0.5073225275981594
3590756	2009973	0.5003888024099703	0.5000029455775099
2581909	4597942	0.5071308945330816	0.5173414106782177
4786573	2444440	0.5023309854435909	0.5013488760054744
3333959	1274808	0.5	0.5
585893	1378923	0.5	0.5
1629739	1821613	0.50271736455026	0.5392204346027044
758145	2677010	0.5	0.5
3468777	1065417	0.5161234400549263	0.5100874213559063
4217929	3666587	0.5012019207618338	0.5000023569563209
1157430	2300708	0.5011346425303852	0.5019009264910016
101964	1699954	0.5	0.5
1436505	3795525	0.5029368237884941	0.5000623155804245
2347696	2595595	0.522541101445836	0.5144677955982349
2624184	1348594	0.5009293669594501	0.5000022705599201
813202	3472025	0.5010259026383141	0.5007134322128932
3720321	1026468	0.5	0.5
285390	4757441	0.5	0.5
2753362	4057988	0.5019736739594604	0.5001403251907423
3146672	2707096	0.5	0.5
4358141	958601	0.5024187786437749	0.5910119448350822
908090	325697	0.50184910399606	0.5012510204876337
1863670	4355015	0.5719606519009518	0.6223606311560417
1550064	3302485	0.5	0.5
652476	3793631	0.5040715712378637	0.5002617988840968
3900509	334414	0.5012562787634187	0.5000077947182983
1974922	3824251	0.5049302346352108	0.5092786730331523
2171894	2312075	0.5	0.5
7648	1105233	0.5012886569404816	0.500929104177018
3283833	1886356	0.5016566204440979	0.5008203706012223
998253	796021	0.5	0.5
4588320	3982440	0.5000416402943839	0.5000514038941272
3492319	3917621	0.5048778940198114	0.5282199486368885
558571	3113681	0.5	0.5
1813311	1042307	0.5	0.5
4452445	815993	0.5019863686644951	0.5017508820526408
259091	4687278	0.5008503393162387	0.5002903913990608
2664082	82340	0.5006648932251035	0.5009870498567295
1148355	1142141	0.5017417486444539	0.5005867186060412
1486685	2635867	0.5092863863298394	0.5871012403209818
1086513	1586234	0.5164414386207665	0.5044683881207316
4689344	2803220	0.5	0.5
911669	2442177	0.5	0.5
4109446	2322663	0.500496031583302	0.5001942501844773
440942	3263590	0.5069439979482607	0.500293083202072
4031191	2692426	0.5288623503086533	0.8740561853389972
3839027	3509400	0.5085219019495526	0.5053359388982078
1604735	1817126	0.5007352935875912	0.5009952966648504
3269084	137753	0.5	0.5
1624821	4566668	0.5	0.5
1395639	4467748	0.5053442145261351	0.5008480766623293
4392240	4085911	0.5	0.5
3035217	2815228	0.5048075441471118	0.5000003278013576
621120	4490886	0.5	0.5
979348	3573012	0.5018867834969422	0.5002220402896278
4597942	2408952	0.5012886569404816	0.5000550900694202
4490242	4346020	0.5312093733737563	0.8944300811175027
4857356	838983	0.5001108050762245	0.534596766391024
1433583	146049	0.5118398915158111	0.527834302501202
4121724	1229401	0.5	0.5
3329198	1801676	0.5018028768019807	0.5000463075249532
1922454	2405212	0.5010098082058095	0.6993245477530525
331205	570353	0.508372423095736	0.5032509933542562
3178553	2635295	0.5	0.5
4373282	2050610	0.5006657785678994	0.5000070103414064
206364	678525	0.5	0.5
1309887	3121740	0.5070124287239731	0.5001814401931796
2926583	3282169	0.5	0.5
4105847	3050073	0.5018043225607268	0.5010459597245283
2028569	3391808	0.5171501322366171	0.5281599596085876
381694	299257	0.5	0.5
366904	3540943	0.502173899345327	0.500016677785184
3341092	838453	0.5014641246585341	0.5009454425963473
4768938	213917	0.5019684937664469	0.5000665956309327
4392592	2251789	0.5128543097872166	0.5073781920666361
4700777	2492280	0.5002123142122923	0.5000377065539152
3019958	2913438	0.5076917008615782	0.5013429632974977
953115	338263	0.511984005778966	0.5657196703700398
3431400	1069044	0.5050275698018841	0.506647929585947
191334	3397645	0.5150060629291996	0.5549127200295767
1854613	3025335	0.5033556543152075	0.5011353856314041
2245414	2926500	0.5119227820101241	0.5264598563771611
3096596	1595656	0.5080762206013161	0.5139690937276478
3647315	2031809	0.5	0.5
4452360	1798255	0.5	0.5
1055988	2289744	0.5	0.5
4695321	502697	0.5	0.5
1729215	1432887	0.5143716017785183	0.5289171038794795
756454	1135187	0.5	0.5
4825117	2791656	0.5009632471782258	0.5002513574041569
4095564	1735521	0.5	0.5
453052	555666	0.5	0.5
660102	3217561	0.5085929038729716	0.5307276249033996
1314264	2037947	0.5	0.5
4283855	3106235	0.5	0.5
829732	3438447	0.5128396423730177	0.5116088151253152
1567106	2392359	0.5039369265110415	0.5000073526311339
2568622	4345793	0.5	0.5
847174	720538	0.5049714270737015	0.5023921191162678
4810264	3403903	0.5	0.5
4544880	3882701	0.502304131154991	0.5000542441386456
466787	2391386	0.5046294973287931	0.5000088627189708
2752758	4350947	0.5028408785202263	0.5005776611472481
3033736	4180743	0.5025684705579198	0.5435638378358258
1534141	2365633	0.5	0.5
845042	4030437	0.5	0.5
3676081	3959120	0.5	0.5
4787400	821686	0.5014836751705298	0.5000514343020366
3990283	3661354	0.5	0.5
17605	505563	0.5	0.5
13751	4421587	0.5009505691969801	0.5000025316199329
3492398	1981241	0.5	0.5
4148739	4761195	0.5047295886605419	0.5011114297833559
125210	570302	0.5069056382111871	0.5022698688089878
2891857	2591738	0.5	0.5
2022832	1130429	0.5064289236218555	0.590351906700792
610208	1513384	0.5008729041411054	0.5001191747818649
3318070	606201	0.5015527900389998	0.5000074409191018
4148694	2251958	0.5008515806851044	0.5001858652509594
2231843	178786	0.5	0.5
4739917	4607148	0.5	0.5
3959639	1973051	0.5	0.5
4669595	3942609	0.5061230047049845	0.5036308560891787
3385671	4820082	0.5	0.5
2719963	4302399	0.5	0.5
425140	4144645	0.5012755074372074	0.500000490494222
811736	679375	0.5	0.5
224552	1374319	0.5082290705399206	0.5007497726840607
3865877	1895005	0.5034743597453604	0.5014415553532312
3749748	1864273	0.5038167197578826	0.5000966127328544
1932926	4091993	0.5327399722786524	0.5853193632375208
2413519	2739191	0.5082137681432788	0.5032430472005871
2887639	2351112	0.5000136798905574	0.5000053440499346
1881600	1918826	0.503424603981465	0.5041950822271577
1564261	1707715	0.5007608689779053	0.5006840527835205
3383620	3114204	0.5156199157230156	0.5048458942179422
1989230	3787881	0.5002748196219303	0.5001116531088974
1392717	297879	0.5	0.5
3579607	550309	0.5108539778612727	0.5013557889444351
4337184	314924	0.5424621303497981	0.5855108299932325
1498781	717384	0.5062108606511191	0.5005739333460599
4772392	2426217	0.5083325618141193	0.5006428686241021
2569366	2811227	0.5030725210033105	0.5851776621515123
1815785	2417200	0.5072458695114436	0.5152193757415572
471758	4302865	0.5002461437280648	0.500009714037165
2260742	2734382	0.5051297789646314	0.5017764029778146
4415061	3416132	0.5034152474314202	0.5003882620957553
2655904	649460	0.5	0.5
2175599	2833722	0.5	0.5
3609793	4595137	0.5	0.5
375041	4290690	0.5045453293304604	0.5000171232876646
4675165	601790	0.5	0.5
4256381	3173632	0.5004096121421179	0.5000457869581207
1890475	4304551	0.5021833922351502	0.500050070448587
3191384	1342069	0.5011252297657361	0.5068255572593663
786633	1561146	0.5011848319054839	0.5000028566205037
1464372	1513821	0.5	0.5
1411730	4078738	0.5	0.5
1542411	3288760	0.5078118642792044	0.5025751150610666
693550	608504	0.5	0.5
597807	2702066	0.5018382270120325	0.5006578943571709
2678495	1754969	0.5	0.5
1075781	4861584	0.503205084304795	0.5000029455775099
4679257	676325	0.5049667240463783	0.5001051353800535
1479593	4778717	0.5	0.5
715543	1190849	0.5	0.5
1564470	2728864	0.5008223676795076	0.5000380112512571
1761110	1372302	0.5090351609488796	0.5139742096486455
1749305	532201	0.5000638406533814	0.5000231264294098
3473063	453257	0.5	0.5
2238031	2167783	0.5	0.5
420757	1383958	0.5008818333008458	0.5000108853704248
39963	4107823	0.5020325091297789	0.5000980328033872
317792	3561262	0.503831342633889	0.500010846515834
1955823	3652986	0.5002168465554099	0.5000559887238328
2866126	3512945	0.5002345215587867	0.5000041133304813
1981615	3096828	0.5360289958644174	0.5247367926034374
1126100	4651509	0.5016540582383691	0.5010623193953749
1746838	2163256	0.5161234400549263	0.507227183276211
1589761	1672121	0.5032985632564188	0.5009642230647691
3641679	1888220	0.5014018654855497	0.5028818965779476
3644646	655904	0.5	0.5
75278	571370	0.502700591022253	0.5003437594674087
1514802	532005	0.5	0.5
606263	4113203	0.5016891827627318	0.5010752798323019
3821504	1164968	0.5	0.5
2271643	744460	0.5011127578067781	0.5001539428093001
71051	3135365	0.5044801668319916	0.5292600245644725
3207225	2264276	0.5006880729601425	0.5000671132265275
1382021	4584115	0.5	0.5
2415668	2497732	0.5005040320873331	0.5000028566205037
1658177	4244067	0.510997037191457	0.8854311029943798
2525590	2302024	0.5048448096074429	0.5032783404272199
4846491	1957800	0.5092582009614421	0.5007362548089952
3198433	3823314	0.5384655115197768	0.5905114282051075
1220879	3474208	0.5020391404075257	0.5013962877101041
2938250	4639113	0.508469664109552	0.5212387799959004
3052079	1956921	0.5033222102449132	0.5011617131752134
4732190	4205082	0.5	0.5
2557232	4004905	0.5000193498451916	0.500000490494222
183960	2918923	0.5	0.5
4113405	606898	0.5	0.5
3209795	2480532	0.514281828285414	0.6351250581976374
2651013	3145551	0.5	0.5
2811239	1424079	0.5016778460510608	0.5001017049695544
2825828	4177994	0.5027472251014413	0.5007062142196433
491128	3927131	0.5126973390718463	0.7985325404680224
4674719	3728872	0.5065689650806839	0.5023594749900913
552835	4759522	0.5	0.5
643076	101940	0.5017241310973851	0.5000003278013576
604305	1032219	0.5	0.5
1958906	3744413	0.5	0.5
3733752	742195	0.505600580418835	0.511643373350415
1594321	4625087	0.5	0.5
2911862	3784408	0.5033332839514952	0.5000596856798761
349869	2627884	0.503205084304795	0.5012376212348039
651837	4058550	0.500302816153549	0.5027928289788222
954573	2008925	0.5	0.5
4565915	2813261	0.5034531482405098	0.5011933141841515
1465907	2324744	0.5	0.5
4472299	1521471	0.5	0.5
4581538	1067585	0.5	0.5
3854337	4422019	0.5	0.5
2584054	775014	0.5100742031830876	0.502375783823387
3852631	3314478	0.5030023279815408	0.5630965891437583
1630423	2882556	0.5065539317204437	0.5152595351889582
1341966	1540392	0.5024840107913643	0.5028641575628743
156140	2340324	0.5005995200963833	0.5005668931811278
2871053	427804	0.5332840382511314	0.5127849363494325
3487420	647017	0.514701643369206	0.5023919702814467
4643656	3344354	0.5010638281819407	0.5004139562169818
1396795	1077087	0.5	0.5
4751399	1980682	0.5	0.5
3433219	2606817	0.5045196509065797	0.5001088456382947
3698761	3817973	0.5020491688548858	0.5029761553270468
651351	965340	0.5	0.5
116792	4746621	0.5	0.5
4851349	3793469	0.5018987250502008	0.5011106962786039
3541658	1279255	0.500538792894901	0.5000023612973912
3721646	621120	0.5056388586631163	0.5307654644148306
4528745	2248684	0.5	0.5
2112778	316192	0.5020089177613359	0.5045451694193084
1326251	2031436	0.5131863900166589	0.959035564918818
2806721	877557	0.5007566580180269	0.5000908449836535
3838303	2223881	0.5021186313880779	0.5020962360242925
2363814	2659912	0.5039369265110415	0.5000603901308804
1300976	1429102	0.5020867992355279	0.5000114576120284
911200	4402869	0.5071047849198079	0.5089577540589915
577443	3317934	0.5032119472517401	0.5032798514539595
4712508	4863728	0.5	0.5
3027281	551353	0.5050673940595545	0.5000730878759849
54650	460554	0.5010964894703352	0.5000018112529523
194816	4624000	0.5	0.5
4413981	2620518	0.5	0.5
4223704	4132261	0.5053782786127805	0.5120517757001686
4475147	3779460	0.5455105992918561	0.6618328210087827
2000270	1508782	0.5	0.5
2579609	13060	0.5023474005936716	0.5000034003469834
1994441	4322508	0.5032188396521751	0.5038110011075951
2402800	2571618	0.5	0.5
1368123	2205635	0.5	0.5
2607301	2616078	0.5004468274056272	0.5000393622633895
3981172	319752	0.5005727374356409	0.5001943605669856
3337108	966537	0.55007084396397	0.9999999939510789
3925727	49513	0.5	0.5
4355658	4383159	0.5049998333399998	0.5029411425474537
1053284	3420607	0.5	0.5
3278182	3593261	0.5017176696951107	0.5001290658157157
4562839	3588368	0.5002976190124694	0.5000003278013576
11382	4090004	0.5	0.5
873234	478223	0.5024670852416148	0.5001487743980123
2665930	3201769	0.5	0.5
1327147	726135	0.5	0.5
4074547	2309358	0.5	0.5
1298087	4530678	0.5015712630655835	0.5979311668149819
2506906	4594495	0.5	0.5
2368011	1910808	0.5041216567961473	0.5012609557133052
4589904	3332036	0.50298801223784	0.5006506641235606
1327726	1118381	0.5078012664562088	0.5019721865271453
3056912	3145991	0.5023364315920736	0.5001912151126975
1471887	2903733	0.5	0.5
4338398	13205	0.5	0.5
4492909	4131105	0.5	0.5
2148641	4595137	0.5000125552430669	0.5000028566205037
3971074	703386	0.5	0.5
892624	2299269	0.5156306440671143	0.535771848044459
1322684	4403612	0.5010309263741438	0.5000160594424887
3370067	615287	0.5	0.5
3458832	4692905	0.5060972587151367	0.5001948557968384
1249542	273881	0.5	0.5
1681099	4334809	0.5009881410060295	0.5000814067071934
4518416	99929	0.5003968253135077	0.5000120125909363
2661137	972491	0.5000085686865909	0.5000029098527614
1310018	1561441	0.5150556881811438	0.5058021570186393
2895223	1124558	0.5	0.5
2636592	2664795	0.5	0.5
4787702	3377747	0.5011467869799354	0.5000003278013576
4494681	2715756	0.5	0.5
619552	865515	0.5011792430965152	0.5000138863878488
2172433	1885045	0.5	0.5
995638	2582486	0.5016420302216289	0.5120705698746729
4420255	54157	0.5	0.5
4079340	303517	0.5	0.5
2890110	1502867	0.5	0.5
3644551	1776703	0.5088643193529019	0.5021463403071675
4809745	1181373	0.5687114285595495	0.5940612057311205
4583413	77641	0.500915749891821	0.5000990123659738
4787857	1488238	0.5	0.5
3645574	1560542	0.5	0.5
2058071	4084063	0.5	0.5
2606444	2701313	0.5474075975153606	0.5711965440496247
1607095	1480497	0.5	0.5
3231393	4651578	0.5	0.5
3287996	2553811	0.5	0.5
3142808	1776900	0.5003231643810604	0.500157987725202
123691	2655328	0.5169426634623426	0.5152100593532194
4750696	361098	0.5362996595198514	0.5149584956945025
1551800	1103366	0.5	0.5
1782783	4078473	0.5004241395007869	0.5009640054718273
4333506	4342717	0.5022354545535508	0.5000167053599864
2760117	4554989	0.5008255358486406	0.5005386822632555
2791981	2833751	0.5023306528306234	0.6851105039227908
1587881	6364	0.5	0.5
2932022	2293392	0.5	0.5
2126605	6993	0.5	0.5
2307585	4334486	0.5042693459525469	0.5025585359594928
1419142	1312108	0.5098026653320405	0.500717641171655
1481222	368896	0.5	0.5
826234	2402159	0.5019239554111665	0.5011767297848047
3792997	3552185	0.5030737317708106	0.5014783517914148
1676412	3763328	0.5006661817763419	0.7963089904419878
599191	4727735	0.5044051723586185	0.500112227265614
1918795	580211	0.5040321706522466	0.500108225106535
3401659	4743417	0.5028934862178347	0.5001488390365785
2585410	1433994	0.5008771920824953	0.5000028566205037
2461372	226721	0.5011682221732944	0.5000003278013576
500201	323760	0.5	0.5
3042280	3992147	0.5131548582061607	0.5039024576739246
812338	2053308	0.503731274016853	0.5065582658343563
4442302	4771880	0.5	0.5
1596155	959021	0.5006811984886179	0.5000029455775099
1450153	4522901	0.5	0.5
3083369	4586599	0.5	0.5
4815111	1432601	0.5057468733508287	0.5014910064427027
4298943	4586468	0.5086906543729983	0.5002944725152155
4135447	4851085	0.5	0.5
3353466	4294640	0.5119025128376735	0.5342501430852002
691232	401008	0.5000191982798247	0.500014566839253
2803469	1823430	0.500416666570216	0.5000418550141329
3869568	1608239	0.5	0.5
1395530	4517152	0.5	0.5
4026923	12423	0.5	0.5
3560845	3289985	0.5	0.5
2089379	163021	0.5010724286474884	0.5219829844516208
2762481	1995073	0.5010279590779865	0.5000533633752444
3079359	4074179	0.500483558843437	0.5000893249560049
261562	3418707	0.5054114281579564	0.5342291343166474
2436439	260826	0.5	0.5
2795446	1237846	0.5	0.5
1497370	239765	0.5011346425303852	0.5001351174867513
742548	1910658	0.5	0.5
3510459	3199855	0.5	0.5
113182	3410823	0.5006281403730649	0.5000074409191018
1771597	3195222	0.5	0.5
4910	2882216	0.5	0.5
3716495	76607	0.50015094794856	0.5000858259743758
3772598	877100	0.5	0.5
878959	367410	0.5025380492665369	0.5008345196071174
1848218	1725177	0.5	0.5
1914584	1103581	0.5002001601174102	0.5000222707210225
821120	4561588	0.5006222772144957	0.5008178041854157
785893	946768	0.5	0.5
4822389	4387818	0.5044377532895387	0.5054145521352008
4348238	991193	0.5138853177460049	0.503676404332629
306334	975007	0.5	0.5
434593	64001	0.5	0.5
3275002	1005459	0.5	0.5
701764	3193834	0.5067930602541737	0.5030776622270741
3991988	4003532	0.5	0.5
3928545	2277157	0.500699300243337	0.5000874278777665
4066452	2534272	0.5003217502773388	0.5000036539023677
1776036	4742630	0.5052568156430469	0.5000427379026593
3492763	4771141	0.5005512676928363	0.5000264695520681
2018936	163021	0.5000833889251775	0.5023289342456241
4747431	3823314	0.53104808386595	0.5571916349772361
2833239	1568315	0.50298801223784	0.503264597729594
243018	3557617	0.5258390299442698	0.510572044676729
951929	2631245	0.5070088866629289	0.5128097854494674
2476925	208465	0.5	0.5
630604	3190741	0.5	0.5
671895	2457054	0.5	0.5
2220766	4084740	0.5022961951089425	0.5010158094793306
1270278	2941537	0.5102725268946674	0.5025363650033855
3532343	3627773	0.5	0.5
3131854	1027488	0.506684093767925	0.5083391724637368
90690	1457589	0.5	0.5
914875	1990908	0.5	0.5
408123	1696091	0.5	0.5
443904	4737571	0.5018221493677354	0.5000633501808521
3080022	947544	0.5	0.5
1423553	1525727	0.5032467076137279	0.5000006066194312
3578368	159177	0.5	0.5
424411	3625439	0.5007052181501336	0.5000090897909425
729364	1905523	0.5021613698226433	0.5003359095563312
1836328	3815840	0.5	0.5
3001970	3578789	0.5024533659828482	0.507200950426681
1909985	1139895	0.5000306703991229	0.5225290355865773
2361218	4135197	0.5373099401235444	0.9307495211267455
4418968	4395510	0.5653457486513742	0.8823217302650874
3742712	2221607	0.5	0.5
695432	253467	0.5	0.5
987119	567045	0.5	0.5
