2764439	1899527	1	0.5006450314637356	0.5006715130614695
62861	4780905	1	0.504697593576756	0.5053606670885603
1436473	3765876	1	0.5030363999197768	0.5015913188345306
536612	4571194	1	0.5081959871145502	0.504975780925581
3503374	3571270	1	0.50011246063688	0.5013983487293241
1155354	1235070	1	0.5001991925954324	0.5013187559882594
2850334	4771144	1	0.5003092145555087	0.5005357502842855
2433389	2997935	1	0.5001486915102876	0.5008333837532121
2740141	2842652	1	0.5001199616099823	0.5018687904673286
4220402	2229615	1	0.500170639497733	0.5001250946035896
1699324	413856	1	0.5004469964080974	0.5005761742388943
20388	4698276	1	0.5	0.5
2194629	3166928	1	0.5	0.5
4467442	4357244	1	0.5	0.5
2595101	706187	1	0.500173611104134	0.5000117675732563
2460721	1610863	1	0.5005308838513024	0.5040551338427055
3487024	4635801	1	0.500662256397954	0.7781291801903305
2020889	47259	1	0.5019237721119838	0.5000809426925594
1324992	4189823	1	0.5000126577151278	0.5000161791683725
3587474	622015	1	0.5	0.5
1463130	3096516	1	0.5007668705643243	0.5000006242462227
4333556	2567092	1	0.5000355384396088	0.5001126288086335
2969511	4297171	1	0.5003034579726208	0.5007339355080122
20388	3362431	1	0.5	0.5
4265509	1572030	1	0.5000494942160856	0.5000593496269902
2250898	2328729	1	0.5	0.5
1511840	1073690	1	0.5002893518195508	0.5008994884922594
2809458	2445685	1	0.5	0.5
3045716	1100110	1	0.5001536570326551	0.5000461510059608
2309487	1142391	1	0.5001701006163414	0.5027961190156396
4046638	3396912	1	0.5008161037366422	0.5001026477127786
3691952	4823708	1	0.5	0.5
891473	1411572	1	0.5074475087392145	0.5529727182131001
1966539	3498529	1	0.500576368620787	0.5006085820466893
4761107	1650985	1	0.5000104243401378	0.5000130859232149
642996	3290023	1	0.5027918491575798	0.5089715881097882
2873619	4337816	1	0.5021505243733967	0.5014807807166894
4187532	663713	1	0.5016229127313367	0.5009231567348551
1956630	2073441	1	0.5026881461427046	0.5018004123970677
871619	65221	1	0.5007363764926356	0.509929703719796
1403971	1208595	1	0.5000006066164874	0.5000078891728984
3281451	860337	1	0.5004012840229916	0.5001318565370277
2809458	174493	1	0.5	0.5
2295414	122099	1	0.5013227482369204	0.5005035840295579
274699	2159981	1	0.5052299347767375	0.5158469817801702
3613442	4787994	1	0.5002982753903377	0.5002684221970738
3978177	399948	1	0.5035564253775047	0.5009322336842842
2695621	4762445	1	0.5001506146661275	0.5002588873314152
1403971	4572864	1	0.5	0.5
20388	65488	1	0.5000003278009278	0.5000025358827408
2516690	3435323	1	0.5000298471823905	0.5000003278013576
488518	3249590	1	0.5001373689236924	0.5006272618606271
3126541	3902460	1	0.5001256098127517	0.5006946612053701
4149071	3942382	1	0.5000285290425344	0.5000003278013576
3993692	1793949	1	0.5024630342641148	0.5033312039225034
1629132	1882566	1	0.5001052188536657	0.5000173749414799
381487	1970666	1	0.5003507331734544	0.5011190414953195
2903457	4093510	1	0.5007010053316102	0.5008409722900463
2470712	1177339	1	0.5020891243329784	0.5002351832851092
4265509	4683783	1	0.5001154756160949	0.5004909323933991
2984603	1170617	1	0.5003777076201705	0.5130524462867195
2649561	888827	1	0.5027481265517394	0.5028869615101378
3803410	1117151	1	0.5017441789716973	0.500656585546427
1959218	4500545	1	0.5131548582061607	0.5111747979801171
378641	4071327	1	0.5000258491443703	0.5000259680278071
1253434	2228366	1	0.502862564143721	0.5006737206884454
1944594	3098204	1	0.5012846837094637	0.5024818985751053
4204052	1850562	1	0.5000856430176506	0.5001499618800079
2634469	3434767	1	0.5005892637174526	0.500710444485812
2518902	1337034	1	0.5074994375506203	0.5019785753338575
1763327	69974	1	0.5000029429595578	0.5000153918173816
1839402	3492804	1	0.5002353925651275	0.500055786586996
2513909	1283668	1	0.5012027468210275	0.5029199159237221
609258	4012548	1	0.5003842071767495	0.5003761306420568
1384275	193347	1	0.5027549063321703	0.5047644803192973
4588320	104145	1	0.5013922777889216	0.8335197591485105
3824346	2607542	1	0.5003237670496508	0.5009106738719751
3553485	737612	1	0.5	0.5
3926802	3976204	1	0.5000022705392985	0.5000018112529523
4449837	2821319	1	0.5005385143532097	0.5158749669500414
3691952	2032288	1	0.5	0.5
1955823	3116628	1	0.5003854677852505	0.5001967721885549
816324	1827217	1	0.5068227205983633	0.5047016975792712
2744189	4055296	1	0.5179480862259523	0.9460716436417768
1279353	3687157	1	0.5068102100483993	0.6791300890971643
189137	1302400	1	0.5002663825001031	0.500030656388785
2250898	3558221	1	0.5000009197567428	0.500000490494222
2939315	2944998	1	0.5001560186881527	0.5004076970845268
3577843	1093079	1	0.5002476434969073	0.5008524317724607
924518	3793103	1	0.5001025290484604	0.5000103375586537
4096612	3783415	1	0.5	0.5
2441733	3677861	1	0.5	0.5
3521843	2652212	1	0.5024891422651289	0.5043623146802926
2638090	288315	1	0.5003720876295212	0.5007134273428694
2757027	994038	1	0.5	0.5
20388	1340600	1	0.5	0.5
4213940	3106820	1	0.5045587696788002	0.501638330779544
2177982	1742102	1	0.5001415012153099	0.5002953053237341
4096612	3236949	1	0.5	0.5
3735027	1004548	1	0.5127709443362027	0.5095660238642779
1663006	3951022	1	0.503109412651133	0.5079669285134721
429732	4251792	1	0.5069270221333547	0.5115803040250686
4306404	3811865	1	0.5001379383175271	0.5008690470156104
2215646	3478690	1	0.5019160604787273	0.5018916280951388
3133826	334668	1	0.5003356295772102	0.5015347268774619
838809	1340592	1	0.5008056782505194	0.5007270720604992
4790574	2968960	1	0.5014910492579857	0.5012081099174004
1370661	3123927	1	0.5025772967611489	0.5019075821467012
3344617	2441982	1	0.5	0.5
3126541	1088423	1	0.5	0.5
4052701	4250582	1	0.5042669646838016	0.5007885722375035
933347	1791328	1	0.501994007374989	0.5007949109826005
1763327	3519926	1	0.5	0.5
1709040	227121	1	0.5001204068311144	0.5000918239124393
1763327	4772867	1	0.5	0.5
3602943	2137427	1	0.5	0.5
4595137	4783563	1	0.5013425846747571	0.5010810743074751
2776422	1255419	1	0.5006235106952638	0.5013098361803385
20388	213563	1	0.5	0.5
4306404	406882	1	0.5001291352604473	0.5002791385567341
3465568	3080813	1	0.5000666209833121	0.500097309889511
759828	4830541	1	0.50000525884011	0.5000003278013576
4323755	1104379	1	0.500680913050677	0.5013638071488364
4207021	2530545	1	0.508956696501565	0.571589545321866
3563279	2548021	1	0.5020159245664639	0.5138670432941308
1342069	2593005	1	0.5005513545339274	0.5001159630771412
2120801	2087377	1	0.5001648096841166	0.502343815173103
2177945	2094414	1	0.5	0.5
643941	4382708	1	0.5	0.5
2436687	3327541	1	0.5012108405358826	0.5010955264152505
4264006	2872422	1	0.5005922516739615	0.5010675910594746
3716495	429478	1	0.5000301932366783	0.5000344542447085
805829	712510	1	0.5008375201547286	0.5001026456880198
2776192	2124038	1	0.500004211412929	0.5000011147404446
126673	2578763	1	0.5014052895710107	0.503203564213072
2634469	1650421	1	0.5001525436608915	0.5007088412280315
3996135	839245	1	0.501723050823298	0.5002719928735884
3824346	3153656	1	0.5001165923908808	0.5000972927974024
4046638	1637970	1	0.5007557015405389	0.5001024927839999
20388	2073415	1	0.5000049169816811	0.5004363427566925
4755797	2193403	1	0.5000539898496984	0.5000108736877105
4449837	3385884	1	0.5010783592194679	0.5009175138590467
4639252	3719411	1	0.5078703598511197	0.8872796941855235
20388	3834589	1	0.5000009834002045	0.5001174065422584
3400944	3140519	1	0.5002262852850575	0.5000465106617524
2271524	3570723	1	0.5000524194485884	0.5001169928896221
72839	224802	1	0.5000015918193221	0.5008012813653288
4586008	4669839	1	0.5097970773435505	0.9165238484322488
1270053	3044949	1	0.5032750623311966	0.503282690688414
2518746	4654612	1	0.5000334873752095	0.5000515856253559
451378	488603	1	0.5002746628000738	0.5003890153397421
2742606	767015	1	0.5009884358627044	0.5025709512309606
448823	754501	1	0.5000161686715763	0.5011396430525292
4294280	441622	1	0.5016884049408199	0.5006923620563394
4677216	2065710	1	0.5033848612495294	0.5020610995503807
4021250	1889062	1	0.5010551290061745	0.5004245978495504
3400944	4203234	1	0.5007708346119423	0.5019373178777321
4530773	1504438	1	0.5060450454891732	0.6687895564935503
3560632	4652529	1	0.5045509707186802	0.5418197582186516
381487	3492328	1	0.5	0.5
3789611	838916	1	0.5075828361685402	0.503647659082952
138349	2271752	1	0.5022778885685496	0.5030380937486585
838983	468927	1	0.5003219958530204	0.5019630321763495
3926802	4028445	1	0.5000272462241004	0.5001632214409243
2695621	163298	1	0.500056988406683	0.5000501977719266
3142808	3768736	1	0.5003849113943255	0.5002510530073746
417858	4089392	1	0.501611298338826	0.5020529137526163
3867019	3406863	1	0.5000701779005181	0.500074842755054
68706	955616	1	0.5068514934573578	0.5071560070530924
1989230	932805	1	0.5004799120972431	0.500265208793356
2776192	587847	1	0.5000021057064645	0.500000490494222
1763327	799866	1	0.5	0.5
3501099	4437817	1	0.5066050792480916	0.5425992299339926
3487024	2182285	1	0.5000039272361682	0.5000101452804141
3926802	4398466	1	0.5000181634895616	0.5004897244821714
3717412	2093463	1	0.500038666769701	0.5000045624364979
3572017	1286947	1	0.5004616416348138	0.5000700222309932
2760636	3557781	1	0.5	0.5
4386676	4700344	1	0.5	0.5
1023156	1788979	1	0.5016703192612951	0.5020270129068809
3173413	1800409	1	0.50073041116702	0.5000403014664488
2809092	1038007	1	0.5002094574092428	0.5008229460785714
3656099	3967917	1	0.5005868541906119	0.5004379839188792
4825122	284263	1	0.5084007289675189	0.642137193552175
3991692	310201	1	0.5002555336024528	0.5001322381434063
1687276	2787579	1	0.5001254180575703	0.5003420081151059
4042761	1561366	1	0.5033452308499109	0.5018948281773961
2304424	2745528	1	0.5	0.5
1601895	2718837	1	0.5000381280229336	0.5000283669603012
1434081	4372508	1	0.5	0.5
1328244	2351520	1	0.5002153252020138	0.5001210736776825
691232	3039114	1	0.5001918943719109	0.5001119357925
2309487	4718480	1	0.5000910546030017	0.5004453406154121
2564293	95179	1	0.5	0.5
4096612	3234652	1	0.5	0.5
3732876	760055	1	0.502304131154991	0.5005146060108484
2510139	2942830	1	0.5000266723567441	0.5000023963345667
4527289	2305038	1	0.5037677325914669	0.5042793476690397
2267665	3752944	1	0.5068553944359045	0.908981233093551
3610552	3746457	1	0.500720862676063	0.5015374566060813
4314794	4375375	0	0.5	0.5
4657	3343431	0	0.5	0.5
2921353	710306	0	0.5	0.5
3367953	982061	0	0.5	0.5
1228488	2045400	0	0.5	0.5
3392198	3671576	0	0.5	0.5
3853033	1117142	0	0.5	0.5
874740	2973060	0	0.5	0.5
3771777	1101510	0	0.5	0.5
2476580	535622	0	0.5	0.5
1556238	3271368	0	0.5	0.5
881572	828524	0	0.5	0.5
2159632	4302125	0	0.5	0.5
2682745	1238188	0	0.5	0.5
2546030	415520	0	0.5	0.5
1350917	1586794	0	0.5	0.5
593156	2930868	0	0.5	0.5
2835355	3737526	0	0.5	0.5
4841120	4395072	0	0.5001680107463647	0.5000040167331294
2304937	269989	0	0.5	0.5
1781273	2590466	0	0.5	0.5
1177351	4160760	0	0.5	0.5
3489940	4613853	0	0.5	0.5
4644548	2076696	0	0.5	0.5
3379059	3149496	0	0.5	0.5
3432260	930232	0	0.5	0.5
4331338	4724260	0	0.5	0.5
3917074	793776	0	0.5	0.5
2711345	1917063	0	0.5	0.5
391846	3401260	0	0.5	0.5
1513086	1654936	0	0.5	0.5
2169892	445645	0	0.5	0.5
3504991	3357281	0	0.5	0.5
2071170	3200230	0	0.5	0.5
2635196	3262981	0	0.5	0.5
1997067	1772537	0	0.5	0.5
3942670	2356201	0	0.5	0.5
3032124	2176477	0	0.5	0.5
1740714	4732378	0	0.7310585786300049	0.5000003278013576
2712915	923620	0	0.5	0.5
257453	3064562	0	0.5	0.5
1359195	2704118	0	0.5	0.5
3602073	3524978	0	0.5	0.5
469519	1119347	0	0.5	0.5
4100813	4427749	0	0.7310585786300049	0.5000006066194312
4042569	2167866	0	0.5	0.5
2187301	413796	0	0.5	0.5
3580930	2195710	0	0.5	0.5
549258	3943734	0	0.5	0.5
396845	382173	0	0.5	0.5
2864231	1650132	0	0.5	0.5
33754	1828791	0	0.5	0.5
3521914	3686321	0	0.5098026653320405	0.5000011147404446
2375750	2024689	0	0.5	0.5
2754989	1683929	0	0.5	0.5
4523593	3376409	0	0.5	0.5
3211744	3840805	0	0.5	0.5
4370475	3141957	0	0.5	0.5
793482	3732947	0	0.5	0.5
1826107	28448	0	0.5	0.5
4573999	2535707	0	0.5	0.5
4098295	1956414	0	0.5	0.5
316852	4241388	0	0.5	0.5
3736760	4063334	0	0.515952031140322	0.5000357716994716
671321	169259	0	0.5	0.5
595509	1352984	0	0.5	0.5
3447354	171343	0	0.5	0.5
1533241	4117231	0	0.5	0.5
2715481	174024	0	0.5	0.5
3749791	4622735	0	0.6224593312018546	0.500000490494222
374355	4190297	0	0.5	0.5
1881895	4336875	0	0.5	0.5
3681931	1181508	0	0.5	0.5
1306991	4372014	0	0.5	0.5
4599302	4482342	0	0.5	0.5
2776289	4814723	0	0.5	0.5
2800269	3075795	0	0.5	0.5
558320	4667607	0	0.5	0.5
2615013	2347837	0	0.5	0.5
2612784	2762462	0	0.5	0.5
81006	2311624	0	0.5	0.5
321097	2325566	0	0.5	0.5
3323187	564971	0	0.5	0.5
4131934	292585	0	0.555328055262369	0.5000010971136533
3399509	58831	0	0.5	0.5
1922479	823461	0	0.5	0.5
814855	1404304	0	0.5	0.5
2852127	1888498	0	0.6224593312018546	0.5000006066194312
498631	4491827	0	0.5	0.5
4498829	2126460	0	0.5	0.5
3404366	2932761	0	0.5	0.5
2827321	1274618	0	0.5	0.5
1253581	1214476	0	0.5	0.5
2150792	3480687	0	0.5	0.5
3255970	1815031	0	0.5	0.5
2922640	4238241	0	0.5621765008857981	0.5000003278013576
2798683	597635	0	0.5	0.5
2294498	1214447	0	0.5	0.5
4702351	1503421	0	0.5	0.5
3960756	4162189	0	0.5	0.5
4011862	3790890	0	0.5	0.5
1532551	4298597	0	0.5	0.5
1717364	439477	0	0.5	0.5
1318397	4002488	0	0.5	0.5
3465564	2034399	0	0.5	0.5
2679419	3619894	0	0.5	0.5
2722577	637394	0	0.5	0.5
4518571	1529322	0	0.5	0.5
1748216	1963004	0	0.5	0.5
82000	2540671	0	0.5415704832167999	0.500000490494222
2349597	3497745	0	0.5	0.5
2471890	3315122	0	0.5	0.5
3592449	3589534	0	0.5	0.5
3016374	1291262	0	0.5	0.5
3013130	4475273	0	0.5	0.5
2525863	73156	0	0.5	0.5
3691171	1356316	0	0.5	0.5
577867	3933813	0	0.5	0.5
704816	4185040	0	0.5	0.5
4406195	1555284	0	0.5	0.5
3288810	170797	0	0.5	0.5
1514873	991232	0	0.5	0.5
1483966	2372928	0	0.5	0.5
192947	1441088	0	0.5	0.5
2408230	3632038	0	0.5	0.5
3184348	3547072	0	0.5156199157230156	0.5000026764875918
3611887	3424681	0	0.5	0.5
1675947	2241282	0	0.5	0.5
2379754	1382951	0	0.5	0.5
4826036	1476092	0	0.5	0.5
1829534	364315	0	0.5	0.5
3901147	4116159	0	0.5	0.5
766325	2414868	0	0.5	0.5
130955	2415820	0	0.5	0.5
3675744	1390085	0	0.5	0.5
4382884	579119	0	0.5	0.5
2436245	1330175	0	0.5	0.5
4022505	1192050	0	0.5	0.5
3434808	4291314	0	0.5	0.5
1269392	1558228	0	0.5	0.5
3368173	4833739	0	0.5	0.5
4617601	4023906	0	0.5	0.5
1415269	2622793	0	0.5	0.5
3571774	670478	0	0.5	0.5
2097202	1976023	0	0.5	0.5
4591414	1757392	0	0.5	0.5
3911211	4771938	0	0.5	0.5
678285	4495449	0	0.5	0.5
3382539	4566824	0	0.5	0.5
4400282	801913	0	0.5	0.5
1809580	1025131	0	0.5	0.5
2305642	4653828	0	0.5	0.5
3090480	4314507	0	0.5	0.5
3635555	530106	0	0.5	0.5
4233905	706169	0	0.5	0.5
3753157	2593150	0	0.5	0.5
432543	2101693	0	0.5	0.5
954654	2511327	0	0.5	0.5
1867652	3955841	0	0.5	0.5
3204623	1464006	0	0.5	0.5
3484128	1235761	0	0.5	0.5
2083445	4428827	0	0.5	0.5
1591487	1632683	0	0.5	0.5
2190506	3879336	0	0.5	0.5
2006029	2924000	0	0.5	0.5
209968	2685790	0	0.5	0.5
1466431	2060317	0	0.5	0.5
3086677	1186537	0	0.5	0.5
3096255	1741039	0	0.5	0.5
1143781	1688556	0	0.5	0.5
304035	2562621	0	0.5	0.5
799714	3631082	0	0.5	0.5
2092605	3361275	0	0.5	0.5
708942	3385865	0	0.6224593312018546	0.5000006726378975
2092973	427765	0	0.5	0.5
4749893	3004299	0	0.5	0.5
826504	1718276	0	0.5	0.5
2544138	2987382	0	0.5	0.5
2803934	4837658	0	0.5	0.5
1308294	3730453	0	0.5	0.5
4682631	2090431	0	0.5	0.5
1050727	3567704	0	0.5	0.5
3234225	974730	0	0.7310585786300049	0.5000003278013576
441969	3636029	0	0.5	0.5
4857076	2536286	0	0.5	0.5
3273405	872261	0	0.7310585786300049	0.5000003278013576
3838963	780064	0	0.5	0.5
1012295	4431339	0	0.5	0.5
2089945	3603196	0	0.5	0.5
2974289	1892115	0	0.5	0.5
4059998	4546463	0	0.5	0.5
4670757	3042854	0	0.5	0.5
4209412	1673677	0	0.5	0.5
2465521	784813	0	0.5	0.5
4630808	2273509	0	0.5	0.5
4779097	3508994	0	0.5	0.5
1980816	4491145	0	0.5	0.5
1602311	3304837	0	0.5	0.5
4375168	2337852	0	0.5	0.5
391444	2340341	0	0.5	0.5
