2610697	3583866	1	0.5003478087484318	0.5002227559402161
2813378	1427832	1	0.5011556219792541	0.5004790307069543
3352123	4722065	1	0.5028680976394723	0.5045285224518861
3222303	2423776	1	0.5018472822353102	0.5015612420086121
2190643	1006189	1	0.5013227482369204	0.5049998333399998
826234	2722328	1	0.5008613930397302	0.5003725392865636
1977082	2373574	1	0.5001098933284379	0.5000529105919634
1579656	887113	1	0.501420047303723	0.5016146955505646
2887037	2590389	1	0.5	0.5
3816665	2069624	1	0.5000076074938881	0.5000032094375095
1245798	1259473	1	0.5005578971153612	0.500636845132947
1629132	186925	1	0.50136496930969	0.500259812896496
2554685	4589996	1	0.5054294371943814	0.5128574127659746
3274382	4462020	1	0.5018511140316725	0.5014704063649337
4679263	256668	1	0.5012698167497114	0.5016363106262202
2538626	3022727	1	0.5022689613227856	0.5040197209952842
3313346	3159208	1	0.5	0.5
2939315	4644308	1	0.500221328829409	0.5008545021202205
4714930	933502	1	0.5001584283850655	0.5000113040332772
2250898	3123502	1	0.5000027591382659	0.5000095715586631
3889783	1083289	1	0.5000243854857396	0.5000243731945418
4679263	3783246	1	0.5	0.5
2528284	204552	1	0.5001049391337606	0.5001601494351314
4739917	2074233	1	0.5342599573544302	0.6883514582690785
2939315	668776	1	0.5001560118953796	0.5006171700324559
4067692	1473984	1	0.5	0.5
3465568	4734106	1	0.5001015022316548	0.500708674232131
3817981	1387437	1	0.5	0.5
4277376	1083208	1	0.5025252310544267	0.5026533163826319
20388	2875874	1	0.5000003278009278	0.5000028635244258
2873383	2990934	1	0.5013067473234912	0.5009010521566498
904699	3101046	1	0.5009578532343758	0.5000003278013576
1403971	2704720	1	0.5000006066164874	0.5000006242462227
2020889	220080	1	0.5043921423121499	0.500367499439794
2740141	3860816	1	0.5000057131104456	0.500003237654119
2250898	666060	1	0.5	0.5
2604748	3041196	1	0.5013351103114857	0.5011713045171098
2054730	2513027	1	0.5032551623428748	0.5019530832873718
1601895	4108756	1	0.5	0.5
1711644	1631157	1	0.5015050121771228	0.501342306245943
2424481	741613	1	0.5027013489617639	0.5025565575350361
1136728	4110885	1	0.5003761680299734	0.5006589820898266
265346	1600957	1	0.5007733945881521	0.5010552736765014
2056052	3127945	1	0.5034476267940874	0.7461164068173944
3227840	3735801	1	0.5003031719453715	0.501079162425663
3872660	3967917	1	0.501102290983176	0.5012925349032064
4790649	1549181	1	0.5004960078690381	0.5013904866495198
24523	449420	1	0.5001003532420693	0.5000647099473746
3573875	3088715	1	0.5	0.5
649652	1725356	1	0.5069340365322702	0.5006897610508957
4265509	4859523	1	0.5001555209903189	0.5021199278925722
4669839	4118274	1	0.5022621655391017	0.500942281945351
2528284	2970319	1	0.5010808155538631	0.5014882498842582
1114252	3468775	1	0.5002438591630711	0.5001829114267213
288418	3065172	1	0.5060972587151367	0.501852174545534
3503374	1406340	1	0.5000793895816554	0.5008419459316881
4567466	2317308	1	0.5001773573676723	0.5002672797936095
2309487	4443315	1	0.5001102176541248	0.5008176551626141
1306327	2002811	1	0.5030768842366679	0.5016451477140216
262985	3590624	1	0.500048182473162	0.5002813941871282
3703565	4676548	1	0.5029674448333744	0.5024061183064781
2930986	744044	1	0.5	0.5
254778	3924695	1	0.5003396738607888	0.5000028566205037
4008655	257527	1	0.5	0.5
2740141	749001	1	0.5	0.5
3032217	3184317	1	0.5024747003885426	0.5103300185981549
3816665	482739	1	0.5000101434280716	0.5000143057305176
1488401	4574092	1	0.5001007281190506	0.5001276381610531
378641	5159	1	0.5001098503432918	0.5001021983822881
2991814	297799	1	0.5000798636986074	0.5001250824275393
72839	1562762	1	0.5	0.5
2770420	3818004	1	0.5287705047954179	0.9999660551351734
2452371	2787293	1	0.5	0.5
217062	3944584	1	0.5127318316140287	0.5128081111350375
3991692	3953765	1	0.500158618253403	0.500099569453302
2161197	293320	1	0.5085534853969449	0.5002880893747798
2776422	147748	1	0.5005026995141045	0.5006550000888712
3732617	958792	1	0.5010636540983257	0.500300804631496
4096612	1868740	1	0.5	0.5
20388	410607	1	0.5	0.5
1101391	235587	1	0.5136429009149691	0.5085173911870746
20388	4648553	1	0.5	0.5
53634	4522382	1	0.5001980982463701	0.5078926043731291
2977223	3903515	1	0.5001832727654263	0.500243206893544
2809458	2072907	1	0.500000624244664	0.5000020946970649
20388	1353391	1	0.5000036057912941	0.5000916601739901
943306	4047524	1	0.5001011235941268	0.5000303604421804
3671045	3538958	1	0.500571305308771	0.5012344688651794
3319852	4249404	1	0.5013574627281291	0.5000233331681468
1462419	881502	1	0.5019212201316648	0.5011288813268867
1152	1685007	1	0.5040477820366085	0.5024122085466604
2396520	3039058	1	0.5000413359787418	0.5000631951462763
1403971	1567250	1	0.5	0.5
4841936	2170300	1	0.5024824098909474	0.5055940098273871
4802230	1625523	1	0.5045359045929029	0.5002549743022375
4572486	4770331	1	0.501544098546234	0.5007028606218041
649652	1381567	1	0.5045356279863624	0.5003093768692061
2726331	3924900	1	0.5000727652502267	0.5007690535146743
216902	2736547	1	0.5001389306062173	0.500288159301237
1334810	2628466	1	0.5000189962387356	0.5000287356096081
3647967	365197	1	0.5067975183474092	0.5030594137814204
1553867	4806592	1	0.5014856344527271	0.5003346486802458
1405044	3524540	1	0.5	0.5
2309487	1146551	1	0.5001102271620215	0.5007234408038151
457555	2187957	1	0.5000488224034694	0.5004584636421082
4761107	1491873	1	0.500090335491137	0.5002192338660685
4096612	4544911	1	0.5	0.5
2250898	4326508	1	0.5	0.5
1345338	2312483	1	0.5000558284946318	0.5000939175769936
2740141	1989889	1	0.5002342027224725	0.5047352448379078
2324593	287474	1	0.5	0.5
448823	2090134	1	0.5	0.5
1996580	631335	1	0.5006249996744794	0.5005050503332822
2563752	2701739	1	0.5014705839948582	0.5002465011129669
1709040	1140056	1	0.5002903682393119	0.5002268305076459
759828	555641	1	0.5000210154673715	0.5417977999936167
2199850	2297407	1	0.5012260341009389	0.5033476174286227
4761107	2990001	1	0.5000243231222358	0.5001276584500263
1601895	844550	1	0.5	0.5
3133826	1616230	1	0.5001186762489582	0.5007407630526339
2528284	1553036	1	0.5002795638512139	0.500156144009006
796367	222067	1	0.5000188125517256	0.5000029455775099
4096612	2085890	1	0.5	0.5
3274945	87195	1	0.509334511821334	0.5608580371672891
3109419	1822000	1	0.5000204031665602	0.5000169404930809
4586008	3543190	1	0.5001713110942559	0.5000436405517755
2683436	4328089	1	0.5048354391872644	0.500782045976269
3926802	4127035	1	0.5000658432472809	0.5001417098141049
3553485	4085558	1	0.5000062836173526	0.500005022913209
4291481	3221956	1	0.500044919593806	0.500011478982852
1038074	3196149	1	0.5009708725662207	0.5001567447524826
300200	4192822	1	0.500436092499633	0.5071930808064373
714035	2627513	1	0.5001593324650935	0.5015870466519499
4131296	191812	1	0.5048448096074429	0.5017647545812353
4382423	665966	1	0.5064219525950562	0.5002588652394837
4084250	357805	1	0.5003517410605127	0.5000077937839619
20388	485293	1	0.500000983401494	0.5000277277800336
4323755	1790957	1	0.5008423409130549	0.5007805634386067
3550837	4216486	1	0.5000041724385399	0.5000206134564527
145219	580696	1	0.5002220832913111	0.5010327510653085
1763327	1523634	1	0.5000014714740049	0.5000111097815662
3521843	4831429	1	0.5000345996816277	0.5000362077558299
2969511	1297082	1	0.5000776880043468	0.5001888048077954
1103591	4282163	1	0.5017633155737646	0.5010316735827343
924501	1513103	1	0.5001454333874052	0.500216450202929
2809458	3597159	1	0.5	0.5
2506289	1035616	1	0.5	0.5
276809	1755074	1	0.5006255209413873	0.5009906477303745
1403971	16401	1	0.5000012132329746	0.5000031601289634
351309	2502438	1	0.5035831801133325	0.5008377726128189
144710	2261937	1	0.5	0.5
2417167	279847	1	0.5013774069839232	0.5002486149842769
2988392	3773437	1	0.5063448370669524	0.5006113605913461
2231112	2073992	1	0.5025749195886615	0.5334813414692942
4586866	2934091	1	0.5001971546536729	0.5007666230838548
2073992	1518419	1	0.5008456463362858	0.500995956111781
3127084	2964504	1	0.5005142267641898	0.5003065054341247
4264006	3965829	1	0.5	0.5
2571189	401114	1	0.5104879718816328	0.5069552710090445
838983	1600059	1	0.5000636587885475	0.5001789365022196
1696218	2885690	1	0.503130377129736	0.5554569725938557
126673	3323450	1	0.5003607987291205	0.5008373105607801
2311991	4219030	1	0.5003810974871772	0.5005656106184649
2656216	252445	1	0.5030339433458633	0.5012730628639817
4849080	747446	1	0.5008469894199012	0.500554623169897
4390465	2789697	1	0.5001051398344322	0.5000947852780975
966129	1574342	1	0.5060480920899573	0.5062877196714016
3487024	4599529	1	0.5	0.5
860788	1254218	1	0.5010775845385204	0.5011851434227035
2808927	1247754	1	0.5049650800882585	0.5080651448821152
2776192	720158	1	0.5000021057064645	0.5000006242462227
4563918	2099872	1	0.5001243162580052	0.5000003278013576
24518	15583	1	0.5000922747562698	0.5001451596973792
20388	4711668	1	0.5000714399002059	0.5100596344565905
448823	762884	1	0.5000040422986126	0.5000069583611663
2608552	20388	1	0.5000167154583186	0.8134315101141989
3912764	4008655	1	0.5050577728722752	0.6471660119717791
3126541	1637303	1	0.5003443525626361	0.5015453915963581
3247133	3110028	1	0.5001459309907016	0.5007129714116126
1085187	3114054	1	0.5000373999550503	0.5000176364810052
3247133	4173863	1	0.5000808254970464	0.5004898472423536
1557927	2563312	1	0.5006778972365121	0.5004058789060258
3507219	1981033	1	0.5	0.5
4668030	4647597	1	0.5000555405681897	0.5010987922733453
3246139	4760050	1	0.5	0.5
1875708	1303976	1	0.500363655890407	0.5004665022349879
2809458	2964847	1	0.5000006242431052	0.500000490494222
300200	2404293	1	0.500039607097509	0.500178532233791
4841936	1473875	1	0.5000114379832528	0.5000152727716979
20388	717659	1	0.5	0.5
3553485	2386331	1	0.5	0.5
1802489	2418759	1	0.5006815186604759	0.5012453967802998
604733	3937428	1	0.5	0.5
1708627	4786169	1	0.5007293940850804	0.5000112979788592
924518	1473308	1	0.5003739460820328	0.5001737734625044
1763327	2898655	1	0.5000004904932597	0.500002105741937
4272277	4601540	1	0.5007575751778581	0.5005559288026615
3521843	83489	1	0.5025710192884891	0.5047737579536908
4256122	487639	1	0.5112230656275137	0.5862955809550244
3886839	3367780	1	0.5024251700642487	0.5019337176716614
3247133	2295048	1	0.5002895076698981	0.5061958849930515
3755311	4758498	1	0.5032862233717156	0.5057627177906944
1909985	2230904	1	0.5000139692899095	0.5003418811399053
2424452	3229499	1	0.5012142447797203	0.5017856875801647
2939315	3900871	1	0.5001923048917529	0.5003082982247689
3056265	4715136	1	0.5015135807280853	0.5004919538660372
4034761	4089210	1	0.5003642383461648	0.5015042908719404
567188	4576480	1	0.5003354067066116	0.5004180598690915
4637516	1446725	1	0.5001271635950434	0.5001992973463388
4096612	4255311	1	0.5	0.5
4575620	299001	1	0.5000344159610851	0.5002979832822273
541055	2635246	1	0.503015417644099	0.5003465182109824
2246539	422431	1	0.5006166311179658	0.500657134766301
2691316	105572	1	0.5007246371738171	0.5000144454001614
3577843	304866	1	0.5004099944930862	0.501714847976634
1557927	166171	1	0.5010649304643144	0.5012412381247232
1763327	1958096	1	0.5000156944602427	0.5007548673731099
145219	302136	1	0.5002714395903574	0.5015362788618534
2873619	747187	1	0.5028886233240866	0.5021322856741234
910755	2075888	1	0.5	0.5
609258	2368052	1	0.5003840947409957	0.5003722153968377
4518583	2569645	1	0.5004456326805772	0.5001285960560872
1909985	650553	1	0.500094997540097	0.5008896126161787
2805955	1618089	1	0.5	0.5
448823	4559472	1	0.5001010362261745	0.5005951334060288
2694098	3444666	1	0.5003055487275482	0.5000541356368706
1324992	3493771	1	0.5001594419981995	0.5006941741140956
1763327	3824359	1	0.5000004904932597	0.5000025358827408
1403971	4202668	1	0.5	0.5
1909985	3241176	1	0.5000894034544908	0.5010115107744592
3795772	2909115	1	0.5052708890746336	0.5009767006867275
1403971	3685688	1	0.5	0.5
1122560	3089612	1	0.5	0.5
3550020	742326	1	0.5000321336760484	0.5000127837371416
821120	2098116	1	0.5014854382916774	0.5000692379341871
448823	3825018	1	0.5000040422986126	0.5000069583611663
691232	1698347	1	0.5001919312024267	0.5000793862032992
1306918	1136391	1	0.5001208663677869	0.5000651971269616
4265509	3238703	1	0.5000471346825026	0.5003857536472597
1074491	3929126	1	0.50005408913869	0.5000060709082076
4259551	3285174	1	0.5002724300493214	0.5002326033724249
750926	3238134	1	0.5	0.5
4497566	3547698	1	0.5003165558298164	0.501110168831304
112507	2892182	1	0.5	0.5
4762289	3574143	1	0.5025679951876837	0.5015330303263148
3503374	433765	1	0.5000749810336469	0.500189569283777
1839402	1565270	1	0.501027253313832	0.5012012053130288
907342	4751648	1	0.5003363502428063	0.5005811134755701
2649842	4851301	1	0.5	0.5
2809458	136873	1	0.500000624244664	0.5000006066194312
1403971	3393426	1	0.5	0.5
1136728	4323650	1	0.5002640612376628	0.5004426083465695
2250898	4671168	1	0.5000009197567428	0.500000490494222
1770200	3097109	1	0.5	0.5
2810556	353603	1	0.5000213504896249	0.5000327371623648
145219	4504478	1	0.5004112652885772	0.5024922847537933
2313595	3494621	1	0.5031600702830735	0.5001088210912337
2865811	3217696	1	0.50049533783329	0.5133886258030597
4578808	4563908	1	0.5	0.5
285814	4509344	1	0.5007090338612669	0.5013010464869392
4750431	1330584	1	0.5040659527575668	0.5002911256026356
1735883	1051389	1	0.5037325695499829	0.5003856681040829
4207066	2039624	1	0.5021022226203651	0.5003202735504227
465130	4827179	1	0.5034663174092	0.5015942437566514
838983	883843	1	0.5002307557485325	0.500723301150767
4637516	1848866	1	0.5001235267591965	0.5001423786238592
4310216	2084694	1	0.5000783453456452	0.500018870103395
4082872	4422373	1	0.500065559030849	0.5005488148756045
855121	2339326	1	0.5001942266041325	0.5001528352415238
2809458	1161406	1	0.500006242431052	0.5000714576560922
1085187	3655615	1	0.5001681823781097	0.5004774843298931
4220617	4732503	1	0.5	0.5
2670251	675062	1	0.5013824849561871	0.5018320681126367
4096612	2342555	1	0.5000006726324682	0.5000083620430136
451378	1658796	1	0.5008696629790284	0.501655577794083
2436687	911914	1	0.5024702203128304	0.5050700813114394
1403971	3340580	1	0.5	0.5
1621859	3918317	1	0.5000236116357966	0.5000279204824369
4790649	778437	1	0.5006329715244731	0.5024304915168725
2497739	3727417	1	0.5004481745866218	0.5003131183715603
2939315	4560823	1	0.500536200594402	0.5070522729072843
2752092	4828537	1	0.5001185008395459	0.5002083153557134
1053208	4656975	1	0.5015689668598312	0.5005212845040634
3127945	3769344	1	0.5025731083788847	0.5058045034632843
3104940	3925016	1	0.5	0.5
3936352	866528	1	0.5003214358742538	0.5003168952391406
1815733	1702911	1	0.5023412940217802	0.5034627114529399
4291481	2387486	1	0.5	0.5
1403971	1474606	1	0.5000006066076559	0.5001454333874052
838983	319072	1	0.5001591419014644	0.5003128813527481
20388	2629074	1	0.50000262239023	0.5006326235740514
4279346	1451581	1	0.5074421053065837	0.787785355438718
1946519	1337977	1	0.5	0.5
4623321	3408945	1	0.5096513107200081	0.5013867953235781
4333556	887644	1	0.5000064619520261	0.5000032629693666
3169725	800460	1	0.5056029466187607	0.5054310983117715
3016330	926785	1	0.5002433089832281	0.5001050084259607
300200	3576689	1	0.5000594341862642	0.5000325988422872
1557927	3736733	1	0.5012944396348343	0.501298092766737
1892505	57177	1	0.5007296897689825	0.5000873162441035
2978353	3633541	1	0.5	0.5
2497739	3541689	1	0.5	0.5
1504704	2748505	1	0.5000621118009227	0.5010775845385204
3448632	4078182	1	0.501916748551451	0.5002350270906968
4096612	4696905	1	0.5	0.5
4265509	4033485	1	0.5000589211302587	0.5008917290749861
3097604	1142141	1	0.5005719525446038	0.501415649854474
3691952	1169267	1	0.5	0.5
4306404	3064843	1	0.5000528293024566	0.5001753728591577
368480	3023607	1	0.5118606919610516	0.5099912221640448
759828	47106	1	0.5	0.5
3247133	2268974	1	0.5000628659694212	0.5001786145191137
3560329	2463489	1	0.5	0.5
855121	784352	1	0.5000849865227471	0.5000556647612424
20388	2849955	1	0.500000655600996	0.5014145203018873
3224468	735249	1	0.5000928539582254	0.5002559950406862
4294819	3507427	1	0.5001714207283359	0.5019112439823672
381487	4424468	1	0.5003304692182375	0.5023416343040581
381487	1698690	1	0.5005753661287672	0.502001264801747
4208704	4153046	1	0.500895323890281	0.5042585184072386
1699324	1587481	1	0.5004092349800643	0.5123478793509401
452521	209630	1	0.5018353557054304	0.5008494321679345
3111617	3180276	1	0.5007942231587292	0.5012853887126807
1763327	1582754	1	0.5000004904932597	0.5000015918294578
1241670	3167175	1	0.5000696233372928	0.5001345812739697
4052990	4865051	1	0.5002335429860677	0.5009898479493283
1334810	274925	1	0.5002184235378626	0.500111498099069
717002	236006	1	0.5006342247521023	0.5014705156505918
2250898	4341932	1	0.5	0.5
3741540	4279019	1	0.5015217344319508	0.500055198090675
3852854	2965886	1	0.5	0.5
4761107	487775	1	0.5000486442160492	0.500168899866849
3247133	1246634	1	0.5001929410402022	0.5036364458547675
3824346	2421271	1	0.5003816003191515	0.500716092745344
2887639	2084446	1	0.5002048732402827	0.5004000845939036
262985	2986814	1	0.5000209501302976	0.500091230202455
3819478	4321303	1	0.5011013198048357	0.5000039275446561
4668030	2934745	1	0.5001825049115927	0.5004917302242635
2740141	1268726	1	0.5000171395271709	0.5002871227380019
286472	448823	1	0.502886284317427	0.9999997458828376
216902	4802683	1	0.5004504909133303	0.5041916292808227
4096612	3211024	1	0.5	0.5
2855020	1171006	1	0.5023349437566166	0.5004175620789806
4575620	2262140	1	0.5000172091651028	0.5003512431663288
871619	392238	1	0.5001838235211297	0.5001117068792853
4204052	4307382	1	0.5002461788558192	0.501814199412891
3759169	4544554	1	0.5003602304852228	0.5000216399709615
20388	1595951	1	0.5000059003780173	0.5000531045906135
4586866	4766377	1	0.5	0.5
68695	60151	1	0.5	0.5
2739890	3665061	1	0.504093359026705	0.5045573606804888
3314478	1243607	1	0.5014534842778657	0.9005622976105809
1709040	817589	1	0.5001983058906191	0.5003294995593209
4790649	3355190	1	0.5000239137192826	0.5000572785797496
20388	1187482	1	0.5000111451146355	0.5010388078510621
2721940	1244293	1	0.5135769085502253	0.5039042264130589
2120801	1827542	1	0.5	0.5
277981	829818	1	0.5211412338062754	0.6947736856834092
2740141	2527032	1	0.500008569665668	0.5000086579357753
582943	3863366	1	0.5028696961990718	0.5030713455380468
20388	3712393	1	0.5000029501735357	0.5183600890220095
4586866	1290049	1	0.5005356184346458	0.5017220992305091
430658	4603006	1	0.5014934244716807	0.5006798052682238
2581909	3247133	1	0.5020314622284365	0.9973783285819826
2809458	1492415	1	0.5000012484862104	0.5000025962361591
4416976	228094	1	0.5000645850193608	0.5000797261037417
20388	3254733	1	0.5	0.5
2956481	1024978	1	0.5	0.5
2039665	2246342	1	0.5001527806022933	0.5002481560250281
2176440	781689	1	0.5033332839514952	0.5045347159934864
1342375	2966589	1	0.5002944640413391	0.5004496401665609
4332049	1904701	1	0.5001545881721705	0.5000501416991634
353044	2193152	1	0.5010288051324537	0.501617807063113
4331680	3394554	1	0.5082015115082987	0.5138172535327321
4096612	3165354	1	0.5000013452504588	0.5001381728714858
1770200	1680469	1	0.500169856181893	0.5000194859831132
4637516	3314520	1	0.5001996631032605	0.5009576832809384
1246183	3837315	1	0.5043624680668116	0.502514820721636
3926802	4474064	1	0.5000908141478457	0.5004456006253553
2405363	2794248	1	0.5	0.5
4265509	3226435	1	0.5001272468467152	0.5037636928971154
3563279	2587097	1	0.5001580662366486	0.5017409962632063
3246139	2485345	1	0.5	0.5
3711007	1572402	1	0.5056062889929794	0.5002857986719399
2384043	3923896	1	0.5020074838597196	0.503747154856799
4321162	3857672	1	0.5002321693741015	0.5019659347559037
4096612	735107	1	0.5	0.5
3224468	4507884	1	0.5000278592919737	0.5000261987105654
3926802	3962413	1	0.5000976269819494	0.5002719347793677
676221	1735302	1	0.5085357560104762	0.5522433405047238
3610552	4429611	1	0.5010218285820737	0.5006717415580098
1488401	254387	1	0.5001871149662204	0.5001231155661586
1385994	2606819	1	0.506101420963719	0.50370661316424
1576405	2138627	1	0.5002279981602118	0.5002893047729127
57993	596068	1	0.5	0.5
2386285	1850428	1	0.5017422911979149	0.5010973014756988
3553485	1954619	1	0.5000062839332391	0.5000036506231854
4513538	629046	1	0.5133712966613152	0.5339372550890971
2654676	700155	1	0.5000639059301223	0.5000403559972891
4416976	2183250	1	0.5001420772517601	0.5002975980905057
2651013	508161	1	0.5	0.5
3017206	4603477	1	0.5006752950311549	0.5007877832513422
1245989	3073890	1	0.5005270553213019	0.5002046714773439
2479008	2339541	1	0.5015188865372633	0.5135718989770096
3097057	937544	1	0.503676404332629	0.5067224460723021
1904054	4387114	1	0.5025041526850664	0.5031759472103665
4096612	4177301	1	0.5000006726306585	0.5000024584763346
84783	2791673	1	0.5338985360125902	0.6340905785515628
2405212	419603	1	0.5001750040314084	0.5000717989667733
1621859	3637897	1	0.5005891777061883	0.5030520342852747
1133682	3183220	1	0.500865051040007	0.501620230067087
4586008	284457	1	0.5011074493475928	0.5004033574181964
558917	4753439	1	0.5034120844928062	0.5023364867639695
2452371	3741911	1	0.5000559442204341	0.5006580475027872
943306	1253131	1	0.5005160651551057	0.5003392979270703
3751369	4590115	1	0.5	0.5
3687277	1677522	1	0.5015608690191083	0.5000305813141054
3246139	2827235	1	0.5	0.5
2250898	3676897	1	0.5	0.5
3378483	4026209	1	0.5000202889141262	0.5000068627126647
3011799	2922877	1	0.5020999942661645	0.5020450706847845
20388	2938168	1	0.5	0.5
1403971	1490332	1	0.5	0.5
1763327	4561444	1	0.5	0.5
1763327	1522181	1	0.5000004904932597	0.5000006242462227
2406645	4695551	1	0.5004716979732711	0.5000279204824369
3378280	1259297	1	0.5002178350788288	0.5018473075380843
816324	4438302	1	0.5013149954652555	0.5002775929087541
2951616	3938534	1	0.5054132295274247	0.9328024115844795
1763327	593467	1	0.5000328618233424	0.5005540389965053
241708	3383493	1	0.5015045089998942	0.5039355526237529
333819	2434590	1	0.5047708475729059	0.5045739957170348
20388	286842	1	0.5	0.5
20388	2352665	1	0.5	0.5
3088232	2741003	1	0.5031775867083316	0.5059901399659325
2149624	63973	1	0.5	0.5
567188	1231130	1	0.5000916758332228	0.5000772588089238
797349	4086149	1	0.5	0.5
1341632	239219	1	0.5	0.5
3528927	2450433	1	0.5087643461070526	0.5139236560586754
3803146	4820881	1	0.5009141871821807	0.5008457464081738
3563279	3360310	1	0.500788681155258	0.5035135012060694
1403971	716496	1	0.5	0.5
2930986	2180566	1	0.5	0.5
4265509	3004395	1	0.50012018777341	0.5010606946035417
3824346	3980424	1	0.50039465844137	0.5011633249271786
20388	3475319	1	0.5000006556018556	0.5000046305798056
2619379	1008160	1	0.500064013035032	0.5034654112085301
3480512	3745099	1	0.5	0.5
3247133	2665660	1	0.5000089811754553	0.5000394837139733
1085187	1708027	1	0.5001184066185862	0.5001013244804285
2206435	1483435	1	0.5018450100760774	0.5001712555148475
2452371	4375472	1	0.5000029454039916	0.5000020946970649
448823	2166719	1	0.5000202111662542	0.500042394974817
2776192	3894127	1	0.5000021057242007	0.5000391420071222
3234711	2680296	1	0.5027886207919886	0.5264341806424526
2250898	3337413	1	0.5	0.5
2604692	2584542	1	0.5001322051793622	0.5000074409191018
572788	2032835	1	0.5040725916366545	0.5011112409133749
3550837	1233046	1	0.5000876182837874	0.5000960308172702
2391343	4711034	1	0.5006449759931252	0.5000769492343101
3664547	1113381	1	0.5249262411176209	0.5370373754910184
457555	4533558	1	0.5000048840525914	0.5001552794981136
2651013	1261229	1	0.5	0.5
1309887	4074160	1	0.5061068673089908	0.5001741018975056
2120801	150958	1	0.5000018112135856	0.500000490494222
1260507	2949270	1	0.5003728560084406	0.5000518458359415
1438125	2058500	1	0.5	0.5
2518746	2502983	1	0.5001841188990159	0.500573652548273
4082872	1509485	1	0.5000561945076868	0.5001724468438082
907906	182954	1	0.5023364315920736	0.5006418340758961
3691952	343882	1	0.5	0.5
2820584	2124735	1	0.5089173512455407	0.5572740133289461
2740141	3406829	1	0.5005813291391469	0.8482715952216359
3809903	4761733	1	0.5005427948959014	0.5000825688128879
4096612	1255743	1	0.5	0.5
3503374	3274558	1	0.5000573379318781	0.5005135890107664
4265509	3802635	1	0.5000706953590855	0.5006417005081392
4761165	1032312	1	0.5031712048344694	0.5007067968201414
3985964	3297057	1	0.5271761287664697	0.8631833833143144
2076254	4478095	1	0.5015978313356383	0.5000520061512496
417858	1880547	1	0.5017361041341035	0.5013692241653518
2938765	3314478	1	0.5024060309243153	0.6106466162084042
4036098	4772721	1	0.5	0.5
1776000	2264701	1	0.503738077691374	0.5036884364798647
1403971	2798694	1	0.5	0.5
861863	609422	1	0.5002534982544916	0.5000332247109683
3465568	544791	1	0.5000824831219359	0.5002838052306485
1909985	4347002	1	0.5002428457989321	0.5049229594568004
1285721	257342	1	0.5012886569404816	0.5000727590216052
3596926	4720808	1	0.5013477504796179	0.5012667152991925
144710	3638757	1	0.5	0.5
2873383	4508428	1	0.5005453175724265	0.5001951813226918
2763196	2405497	1	0.5011030960132347	0.5025763895962209
1287925	3698636	1	0.5000544188069249	0.5000326797726582
3848953	3285087	1	0.5014784780855953	0.5018967988492083
1642249	3869475	1	0.5007102267950545	0.500456204252967
3978620	966535	1	0.5001495272963334	0.5001736408762019
3465568	3908461	1	0.5000888212146475	0.5003588389321759
2309487	2683663	1	0.5000167741811741	0.5000521691337401
3867019	4556150	1	0.5004121359992607	0.5003529824080116
3176098	1536221	1	0.5006451340796875	0.5004380459338779
4413315	462783	1	0.5111260393559733	0.5057142498946022
3824346	3166501	1	0.5000842230737343	0.500120206490951
3347945	4198971	1	0.5016048447028525	0.5002090140241398
699883	2372941	1	0.5134253436562574	0.5152062894647312
1815785	619727	1	0.5016025586149548	0.5034721664069695
1977082	966584	1	0.5001759066449457	0.500326356544463
3145048	3581022	1	0.5000555123790325	0.5000360666078254
2809458	858155	1	0.5	0.5
4818830	4847918	1	0.5019607742623491	0.5090613250888912
3001395	269984	1	0.5010459394188992	0.5004691740476664
728357	4063132	1	0.504156800413129	0.5144982284400669
848620	3874660	1	0.5005471954039777	0.5003812491860559
1444973	772529	1	0.5024858552242001	0.5007361486813844
598881	371838	1	0.5	0.5
3301341	3048274	1	0.5016888613222154	0.5006744808664254
1403971	4427027	1	0.5	0.5
3503374	377970	1	0.5001874376957473	0.5011615023335884
1719345	4202674	1	0.5006131204774846	0.5001277978138222
2809458	4830798	1	0.5000399504613428	0.5065283556414925
2477149	3762348	1	0.5143514198441459	0.5033300554955327
1023156	1110542	1	0.5005639817133924	0.5004911799830917
1635105	3822969	1	0.5000314016108613	0.500217058451542
136400	4578309	1	0.5000980680579755	0.5002847814398595
1324992	2686266	1	0.5	0.5
2044305	879924	1	0.5000287257267293	0.5000025316199329
684445	4688890	1	0.5004258942751925	0.5000003278013576
4774916	1478071	1	0.500492125825336	0.5000029098527614
1988566	3832051	1	0.5014476183450362	0.6385727887143933
1960327	1993393	1	0.5002401536798995	0.5000071696922763
4567466	2568923	1	0.500123147853752	0.500273671914558
3097604	2909553	1	0.5008131543246616	0.5037333733585513
693986	1190136	1	0.5	0.5
3844222	3471985	1	0.5066209114863152	0.5115343511636671
2651013	1556375	1	0.5	0.5
2177982	266571	1	0.5000870890476714	0.5001427573730918
958601	3177743	1	0.5101528458890034	0.5023633498575248
3099248	4537237	1	0.5009454167479973	0.5010314257339781
3503374	2142192	1	0.5001587777587191	0.5011752906818939
3129186	4529304	1	0.5	0.5
1890313	2818571	1	0.5000372467222195	0.5000120965790851
2271524	145486	1	0.5001805600778881	0.5004393097556755
4096612	434482	1	0.5	0.5
2309487	4371905	1	0.5000934498810212	0.5003847007199289
262622	4324953	1	0.5005319146929551	0.5004432622952236
4639252	2187751	1	0.500293083202072	0.5005651890046909
340818	2429524	1	0.5091173467680371	0.5058028089085019
2250898	1774570	1	0.5	0.5
4096612	769070	1	0.5000040355885098	0.5006343085778032
380150	4481965	1	0.50049043633119	0.5010059482349992
3201435	1124019	1	0.5070124287239731	0.6052559780534398
2131627	551473	1	0.5008703211401688	0.5040700385645481
1711644	3833788	1	0.5040347736191045	0.5002566281356029
1313574	3742753	1	0.5056297073031029	0.5002806685097497
3842078	3087240	1	0.5045571654709023	0.501830628442987
1718608	3367508	1	0.5	0.5
1403971	4640718	1	0.5	0.5
2460721	2534684	1	0.5003763041064432	0.5014221060072374
850682	4062894	1	0.5052873111681476	0.5018832840335192
597903	4034553	1	0.5012406922426472	0.5000473154391962
2652094	707868	1	0.5014916816183883	0.7099543042273095
3867019	3854477	1	0.5003421052097731	0.5006252121999648
189137	1466581	1	0.5030159613234457	0.5003569344229025
3433359	4780895	1	0.5031870306588792	0.500233361536003
1403971	1433966	1	0.5	0.5
2479083	597748	1	0.5003276539504774	0.5006852588791616
4693353	2835865	1	0.5	0.5
1524949	3260154	1	0.5000635647085312	0.5000003278013576
1763327	3509372	1	0.5000004904922973	0.5000006242462227
24518	4037104	1	0.5000276865147932	0.5000495520195237
189137	1352654	1	0.5007968120744649	0.5002062489129918
745007	1644724	1	0.5001762278864683	0.5015016381354197
3465568	1025527	1	0.5004503646102056	0.5040795721267112
3657697	4255723	1	0.5105440578463112	0.5120263942444631
1006690	1651877	1	0.5093120779471584	0.5219724669757189
3157207	3124410	1	0.5076844638894698	0.5029609477147872
4012059	3014974	1	0.5	0.5
3503374	3129156	1	0.5000110272063217	0.5000361722001045
4306404	3888495	1	0.5000088052972659	0.5000102972026783
2989221	399935	1	0.5000069696124891	0.500364963438833
2250898	757070	1	0.5	0.5
4761107	3273732	1	0.5002119291682197	0.5005560866031179
3108614	2474414	1	0.5	0.5
2809458	2332815	1	0.5	0.5
3553485	252875	1	0.5000020946795141	0.5000025358827408
4096612	176939	1	0.5	0.5
1692853	487236	1	0.5039504502587216	0.507380604042168
3460792	4428468	1	0.5000204817302851	0.5000161686715763
2850334	4136335	1	0.5002995805513287	0.5000845653070947
4483428	4543612	1	0.5	0.5
1576405	2498046	1	0.5	0.5
4470643	1490319	1	0.5228847631979319	0.6115148156941358
2309487	998832	1	0.5000455264291644	0.5005048529898419
1068970	628938	1	0.5014285675413149	0.5287460430026196
3278181	2189840	1	0.5000657341182582	0.5016075647919215
90080	3803479	1	0.5016744746508736	0.5002812683244681
2836639	579087	1	0.505251907679651	0.6124815682732896
80609	1484159	1	0.500081107385468	0.5000319200135865
448823	1472348	1	0.5002788148864865	0.5007640759810869
1909985	4357166	1	0.500184388436632	0.5012963800587664
3691952	389561	1	0.5004677910635339	0.7879183272138641
1324992	2030510	1	0.5000759386005258	0.5007165498608803
3904947	2354190	1	0.5	0.5
3157207	3728040	1	0.5047412371962293	0.5023006364569894
1977082	4430369	1	0.5	0.5
4575620	2284219	1	0.500334165421125	0.5028322685022574
20388	4698280	1	0.5	0.5
1006458	1162402	1	0.5034363720100741	0.5046375398438778
809196	2116631	1	0.5002876042248237	0.5003154593286886
3802338	1128316	1	0.5054464076667022	0.5084209778415218
4416976	1871483	1	0.5002798587497296	0.501089281194054
2649842	242390	1	0.5000120209645599	0.5000023612973912
1417832	390487	1	0.5023298992592048	0.5000868793199538
2410868	2938340	1	0.5042252515318846	0.5004181339352757
2250898	1844428	1	0.5	0.5
4761107	4367507	1	0.5000486462443564	0.5003941680855737
72839	2514282	1	0.5	0.5
2177982	4688504	1	0.5009054942797804	0.5113071513845444
1152324	4497871	1	0.5048129883683274	0.5090106865965404
1939968	4053704	1	0.5002920560415511	0.5000595947553793
1696837	1006690	1	0.5029525454600668	0.8361375268052282
740442	4415531	1	0.5056815736258301	0.5023674898486811
1763327	1490700	1	0.5000009809865192	0.5000027189432875
4721005	3644791	1	0.5	0.5
1272420	966218	1	0.5	0.5
910755	1296320	1	0.5069021719658731	0.5078667650724359
4554711	586514	1	0.5006459944726019	0.5002341651256321
2250898	2860862	1	0.5000009197635105	0.500000490494222
588337	3924933	1	0.5003350083250785	0.5000087594752545
404921	2652212	1	0.5027437792940854	0.5038159194138541
1984683	1018569	1	0.5	0.5
2120801	2926728	1	0.5000036224796597	0.5012182584425569
1085187	112054	1	0.5	0.5
1581177	4397115	1	0.5025102481925234	0.5422974482615674
4841936	2150996	1	0.5001029371382657	0.500155758254295
4208704	2452438	1	0.5005450862191939	0.5063291820111712
2503843	2711082	1	0.500672042606056	0.5000023612973912
457555	1409606	1	0.5002635997725089	0.5015143630519636
751168	1399729	1	0.5	0.5
2776192	1634399	1	0.5	0.5
20388	787946	1	0.5000006555992768	0.5002746132736272
3613442	1740665	1	0.5006317002017451	0.5009369182271897
2680868	635725	1	0.5000698171393505	0.5001627862378135
3434155	55516	1	0.5033394252410694	0.5006823162555433
2930986	4343404	1	0.5000057269176581	0.5000008182955796
4679263	2366192	1	0.5000175500175428	0.5016447309097641
1287925	1107020	1	0.5004570780548109	0.5002142890948826
1506302	2544271	1	0.5038150067544757	0.5156400910260585
1324992	2214190	1	0.5	0.5
1763327	3730476	1	0.5	0.5
1155354	518803	1	0.5000498007966481	0.5003107053182713
1259356	137719	1	0.5039218154314903	0.5182941346891599
2726331	34458	1	0.5001048702589685	0.5008916198825306
3606548	492966	1	0.5000272687608804	0.5000032310177706
1541421	3738212	1	0.5029006851609712	0.5033104605205532
2739890	4567009	1	0.5001013376556859	0.5000468868200486
1601895	1815852	1	0.5	0.5
3303132	3816537	1	0.5002608867091768	0.5003439060106011
588226	156058	1	0.5016487986401873	0.5000942821650237
2300246	971044	1	0.5	0.5
20388	3528350	1	0.5	0.5
2152778	1643936	1	0.5	0.5
2100170	4423965	1	0.5	0.5
1479553	4230937	1	0.5070106106403294	0.8774413141851484
599341	2172893	1	0.5	0.5
4204052	3296249	1	0.5001257935674209	0.5002445039609562
3719502	2438735	1	0.5027665713635896	0.5002347273758111
4637516	228341	1	0.5003087630196134	0.5014902885670028
3024134	1329732	1	0.5	0.5
1403971	4297008	1	0.5	0.5
4761107	3202448	1	0.5000173739002252	0.5001022267492405
2120801	2983437	1	0.5000416579123712	0.5010445952860932
4176657	815633	1	0.5004553732802886	0.5001403148040507
20388	348553	1	0.5	0.5
20388	3950921	1	0.5	0.5
855121	385875	1	0.5000546368468722	0.5000745214022321
110612	692503	1	0.5020842119556488	0.500289011069189
3109419	1786912	1	0.5001988456648784	0.5004661493531233
2299588	3844909	1	0.5	0.5
1488401	2067431	1	0.5012356296685182	0.5047045754580579
2740141	3827360	1	0.5000171389396643	0.500196564062564
3104940	4705622	1	0.5	0.5
3892441	2277485	1	0.5	0.5
3151576	4328669	1	0.5008029971683031	0.5000215119682822
943306	3941196	1	0.5005614442483982	0.5004096149867824
3763337	426335	1	0.500367421856706	0.500129767255802
1014744	1913127	1	0.5006925203327935	0.5000003278013576
886223	4277786	1	0.5	0.5
20388	3989402	1	0.5	0.5
1403971	2849252	1	0.5	0.5
2752092	738016	1	0.5000612955422811	0.5001412041378307
3602943	2207319	1	0.501092894434361	0.5047144278824116
3233769	1238131	1	0.5011600907257349	0.500318064998033
2516690	1719954	1	0.5	0.5
1763327	845795	1	0.5000338422421293	0.5006729679867361
1763327	2916341	1	0.5	0.5
3887037	1094449	1	0.5006311901871421	0.5005639459697175
4036098	4494684	1	0.5	0.5
20388	853292	1	0.5000003278000682	0.5000741619691981
4469172	1074781	1	0.5004258942751925	0.5000006726378975
98402	4290675	1	0.5030172047555802	0.5070155990209145
4755797	1579199	1	0.5010776426009806	0.50166518208791
3288301	3941380	1	0.5005048463550956	0.5000612229812512
1763327	4769358	1	0.5	0.5
4208704	4733348	1	0.500019482543631	0.5000159789578614
572638	1953396	1	0.5000145028425531	0.5000239716175864
1960922	1457866	1	0.5	0.5
3978620	1996031	1	0.5002507860969934	0.5008071045677132
488518	575532	1	0.5000400842914529	0.5000853722325033
2801172	1637323	1	0.5045954588313872	0.5065529848824362
362884	2635394	1	0.5025456131720817	0.5012569452800065
762479	1774855	1	0.5055801254551014	0.5022666582540017
3482592	4578655	1	0.5001410039443727	0.5073779366719454
1635105	1811344	1	0.5009508816485362	0.5101340475167889
1378319	4225364	1	0.5000731421878926	0.5000209117523927
999647	3732858	1	0.508172349061018	0.506077785388752
714035	1758138	1	0.5000809013878561	0.5003887630233297
4651416	3761465	1	0.5003511804490334	0.5002260082741661
3503374	3636606	1	0.5002734216242123	0.5037718295521707
1763327	1592674	1	0.5	0.5
2695621	2509685	1	0.5000162826670951	0.5000084102651151
477740	4865051	1	0.5024557759303399	0.5003285239377354
2805955	1433336	1	0.5	0.5
3303132	3091907	1	0.5006265131597475	0.501858051624258
3886839	4491966	1	0.5007904802866627	0.5015753152011339
2171358	1513190	1	0.5005165287418719	0.5001041666651597
20388	360350	1	0.5	0.5
838983	760287	1	0.5004613572141936	0.502056577694494
1114252	2075612	1	0.500487674965059	0.5005742037914698
4378121	1677646	1	0.5004892366344732	0.5013575112440356
24523	3597226	1	0.5005212508135721	0.5003322899370666
520845	1906561	1	0.5001650028815607	0.5001443783339469
1286943	1379322	1	0.5016597449410537	0.5004570641374753
1136728	4522178	1	0.5003629212549234	0.5010050864558129
447597	2456781	1	0.5019471991563828	0.5011411554004682
3440116	4656140	1	0.5	0.5
3824346	1713040	1	0.5000064790338461	0.5000169548999596
1006458	2288696	1	0.5092202661350239	0.6916390632777593
2460721	2574396	1	0.5000206287647379	0.5000450025246728
2510139	204216	1	0.5	0.5
1122426	3650596	1	0.5	0.5
2977223	4045079	1	0.5003345973178874	0.5003064729439657
4371853	2368555	1	0.5011784973864833	0.5010875900175035
2318778	1423527	1	0.5	0.5
3441402	3985171	1	0.5002913752583918	0.5001544163014526
3247133	1692088	1	0.500015716774733	0.5000589379373718
2719825	423551	1	0.5031406622116293	0.5022801639542721
4286785	1785229	1	0.5000203367770164	0.5000601552219479
745007	3216367	1	0.5000388770241186	0.5000664115144927
317632	934932	1	0.5016468978649968	0.5019701211274676
431538	865815	1	0.5013918182518909	0.5575466362513183
3279714	3846288	1	0.5004994215561274	0.5001360510655335
20388	2494614	1	0.5	0.5
1763327	2302222	1	0.5	0.5
862308	1898402	1	0.5000143744250191	0.5000022705599201
762988	1459403	1	0.500046842795441	0.5000398152255363
2765036	2057013	1	0.5075195053965484	0.7645304777422908
2809458	1620373	1	0.5000012484893279	0.5000025851912868
2661137	3153764	1	0.5001540041019061	0.5008571230565643
1341632	4455157	1	0.5	0.5
20388	4664244	1	0.5	0.5
3503374	1677163	1	0.500035286748885	0.5001871222780235
273571	37927	1	0.5003812834790461	0.5001298460270399
1687276	3271981	1	0.5000418130121119	0.5000103211956058
2650447	155964	1	0.5003758267482232	0.5004959748406851
2650447	4120742	1	0.5000585147287261	0.5001211844559703
696010	1991324	1	0.5	0.5
4803027	4707684	1	0.5011901405694554	0.502288757957721
4152264	1886568	1	0.5102775536366372	0.5118540013260736
2452371	2257604	1	0.5	0.5
3465568	4755592	1	0.5000824820752622	0.5004169423228902
714035	894941	1	0.5000686395634134	0.5002729323006249
805829	3672796	1	0.5	0.5
1403971	3357613	1	0.5	0.5
855121	3442224	1	0.5002063206834692	0.5004782201736178
329792	2219955	1	0.500388560692685	0.5001203701526364
2638090	4391756	1	0.5000071690754755	0.5000931792758502
1285831	3429174	1	0.5014124256215624	0.5000309292085698
20388	2775656	1	0.5000003277987788	0.5000085686865909
1129266	3954254	1	0.5002774694498744	0.5006734718455788
1324992	4460608	1	0.5000126575869549	0.5000240996472969
2135899	403752	1	0.505541644993828	0.5074224783562283
1763327	4400856	1	0.5	0.5
4755797	747265	1	0.5004317089208368	0.5001961779909945
1828727	780419	1	0.5049573446351553	0.5060469897493073
1562542	1412065	1	0.5060238049186323	0.5029060900669261
2221465	4779068	1	0.5	0.5
2996984	4453387	1	0.5092582009614421	0.5052078497890692
2695621	3870648	1	0.5005730400326166	0.5025203864432187
3104940	1183196	1	0.5	0.5
4761107	2550323	1	0.5001077166826056	0.5002812911612858
331302	3988713	1	0.50552006276873	0.5033295534545952
1497370	3055597	1	0.5007587247590657	0.5000073032477858
1782783	2348531	1	0.5	0.5
286472	1989956	1	0.5004419562785355	0.5003923162448751
20388	1919962	1	0.5000003278000682	0.500006619535573
280860	2813261	1	0.5027593538848576	0.5003156670609868
3818004	4326132	1	0.5015723218612106	0.5013418591149882
1403971	3481819	1	0.5000006066179593	0.5001279426788862
4266324	474549	1	0.5035370809649581	0.5028544548397146
4284282	4145849	1	0.5005773669489202	0.5004585213217491
2809458	1314849	1	0.5000006242431052	0.500000490494222
3926802	1522872	1	0.5000635704811585	0.5002011198657166
2809458	629820	1	0.5	0.5
2514245	4554894	1	0.501426344678579	0.5014881185471713
377102	2031230	1	0.500173611104134	0.5000083620430136
1696837	3697390	1	0.5013118535158627	0.502644551190109
1085187	175400	1	0.5001557671168828	0.500111180401592
2250898	452330	1	0.5	0.5
2900088	1297812	1	0.5011452732513522	0.5008017338825969
4096612	2297545	1	0.5	0.5
3926802	1317530	1	0.5001157911923502	0.5020419323693879
20388	3277782	1	0.5	0.5
1557408	855957	1	0.5041966989652332	0.500755171055779
3112724	109055	1	0.5007142852283775	0.5000296383402197
4851622	4002223	1	0.5005794945399357	0.5003572622870583
4067692	685413	1	0.5	0.5
2726331	1144788	1	0.500064209030005	0.5002331517846373
379220	1593330	1	0.5002316101372234	0.5000544172260802
4640383	4020008	1	0.5000863080844842	0.5000284442948718
1832321	2444262	1	0.5	0.5
1658132	3043752	1	0.5001942669562063	0.5001738071265669
3072312	4773544	1	0.5	0.5
4761107	2325611	1	0.5002814141285439	0.5013220409078952
17660	2238678	1	0.5001552794981136	0.500069384823891
4505818	1723329	1	0.5001714677573386	0.5000421103932439
724405	358727	1	0.5001367989021953	0.5002062638650965
1220741	4625985	1	0.5057718859113165	0.5236595204820497
2809458	2061625	1	0.5	0.5
1461683	3289340	1	0.5063940408548441	0.5008801136986958
3973361	3702460	1	0.5021357250270235	0.5000801973098716
1494055	859642	1	0.503091994051432	0.5073524605945386
3487024	2888049	1	0.5	0.5
1789289	2846427	1	0.5023827258806248	0.5023544789093563
1471089	3010790	1	0.5094022637630171	0.506805409389416
1755265	1413801	1	0.5	0.5
4096612	3761086	1	0.5	0.5
1085187	460378	1	0.5000062337921402	0.5000003278013576
3749953	1603275	1	0.5071876140003428	0.504736589479773
2452515	982228	1	0.5083458066714586	0.5025006000302354
2271524	4533216	1	0.500611147022897	0.5015939703786927
704225	380086	1	0.5000784245375235	0.5001412702613695
4192587	4514161	1	0.5	0.5
2112697	2268771	1	0.516151583689877	0.5172009802952551
465130	1134769	1	0.5011100627617532	0.5002434077790008
3657697	1281236	1	0.5101117137906935	0.560590551507517
3494125	2501614	1	0.508510299242066	0.5011986954040186
1122560	4210906	1	0.5	0.5
4390038	3916638	1	0.5011864384511937	0.5027533556701337
975657	3073259	1	0.5039310309451044	0.5003748552874079
2250898	3309722	1	0.5	0.5
181443	1767566	1	0.5	0.5
3460470	2155215	1	0.5006947817386026	0.5002612764681634
2776422	3216669	1	0.5001959978993166	0.5001602913990946
2809092	2837042	1	0.5002345569214908	0.5004378399669819
2246539	4789544	1	0.5002096667279446	0.50020190721418
4841936	4447537	1	0.5002740977340778	0.5008222661396806
3398643	4568642	1	0.5028825676443156	0.5056400984372389
448823	3656187	1	0.5	0.5
1171926	293054	1	0.5	0.5
2441733	24293	1	0.500468759313458	0.5012498598861348
4096612	4181075	1	0.5	0.5
4172412	2566591	1	0.5	0.5
862645	4350488	1	0.5	0.5
3126541	2378924	1	0.5001255914927888	0.5015409897531917
2752092	3685870	1	0.5000326952313539	0.5000561537279931
4260190	559732	1	0.5131076777885801	0.560581101795307
4761165	2091479	1	0.5	0.5
4755797	1179088	1	0.5	0.5
3099248	1485103	1	0.5002000505284088	0.5003623136887416
1403971	4425987	1	0.5	0.5
759828	506099	1	0.5000052586188761	0.5000003278013576
2433389	583730	1	0.5019958354437322	0.8980803670559884
4015904	3512465	1	0.5014006918536636	0.5001360595114372
2900088	1894101	1	0.5000589993703995	0.5000420754832365
750082	1143587	1	0.5010100996359563	0.5022852997617027
20388	3341166	1	0.5	0.5
133673	4251956	1	0.5	0.5
889772	2860085	1	0.5000666666662716	0.5000643910983328
4099054	770671	1	0.5019197857877339	0.5004952251307829
3112724	4852987	1	0.5007914516539811	0.5000586567616633
2597163	3239116	1	0.5037763632369776	0.5001148716195561
73197	1940715	1	0.5014144233840683	0.5009664925416929
3038932	3674083	1	0.5039322354194306	0.5142066185277511
4178413	3935434	1	0.5022878376105016	0.5001096816722009
1488401	3516700	1	0.5007963147537204	0.5017802728926858
783181	4449883	1	0.5	0.5
216902	4566183	1	0.5012763285798664	0.5157940152968681
3503374	289573	1	0.5005796268395721	0.510704127789355
2907109	2389556	1	0.502303625648509	0.511499009142508
888836	967441	1	0.5000995109733251	0.500044226048685
4581775	1211772	1	0.5013194413816994	0.5001009931600707
3476538	3817201	1	0.5007812493642178	0.5002665955982465
3194543	4686927	1	0.5017699041119268	0.5003851051533664
3433912	2467517	1	0.5	0.5
1246242	2577052	1	0.5025307882462651	0.5085673173761037
704225	4718508	1	0.500091480944805	0.5004308435103825
3038932	45308	1	0.5019939303228438	0.5028506633892381
2740141	662111	1	0.5004140632084861	0.5048914883272781
20388	2601546	1	0.5	0.5
3224468	1926711	1	0.5002411247355459	0.5008092758655832
2120801	2548255	1	0.5000289783676162	0.5004198595205297
1712959	3874049	1	0.5032698701490685	0.5004666798141773
2053418	4096612	1	0.5000832386821266	0.9843285126313653
2405212	2490623	1	0.5009403030126997	0.5012837078595116
173719	2464583	1	0.500402252527859	0.5000751774420646
273571	1311226	1	0.501745590965063	0.5014723617169518
759828	3879199	1	0.5001103961627279	0.5001915001546333
20388	1255391	1	0.5000019668029879	0.5018022874642487
4762102	1873720	1	0.5	0.5
2989221	554325	1	0.5000766742870252	0.5005432246411922
4849080	1583268	1	0.5013980744912371	0.5016415084501787
1324992	647726	1	0.5000025315942968	0.500090777050564
886113	4268989	1	0.5004130966012338	0.5028809762820801
860429	64758	1	0.506451254877099	0.5042899013286309
4067692	1995010	1	0.5	0.5
252533	136190	1	0.5029761553270468	0.5002324989292573
145219	1608722	1	0.5	0.5
3889783	2538853	1	0.5000853200713283	0.5001498870085599
2120801	858120	1	0.5000326013721093	0.50018161938524
1541421	3824592	1	0.5005168428172544	0.5001159187516973
126673	2044631	1	0.5000419843481363	0.5000675367961753
1977082	2189055	1	0.5001099448791944	0.5001288185327161
3303132	27709	1	0.500338314016597	0.5005213725477929
4517614	1983025	1	0.5001344664339356	0.5000849315747377
4082872	3068698	1	0.5003511169625648	0.5009525038843806
4851622	1538390	1	0.5000446907399596	0.5000242196845847
1582238	319291	1	0.5006329110543658	0.5002488796134749
613280	1715634	1	0.5050858965718574	0.5009985413732476
2380033	2941121	1	0.5031341001977143	0.5005503270440784
3824346	1398662	1	0.5000064790338461	0.5000032310177706
3730870	3111216	1	0.5098026653320405	0.5096136734960034
4125302	1297241	1	0.5020920380009947	0.5004280748733732
1165817	4551070	1	0.5001896093955375	0.5001398942106154
4772774	8015	1	0.5001174260194475	0.5000829687500988
3088513	4404571	1	0.507352411166006	0.5049998333399998
3099361	4600395	1	0.5006220722785636	0.5002425240653288
3247133	3846166	1	0.5000830736339091	0.5002869159465143
2736171	2818762	1	0.5008103720619089	0.5005779185780085
3345046	2534590	1	0.500342801121607	0.5002035262749716
3320325	1294720	1	0.5021385310723353	0.5022097658891507
922614	3781763	1	0.5026829154617509	0.5044295596830953
2809458	4828860	1	0.5000043696690037	0.500342560127539
2250898	1655323	1	0.5	0.5
506389	160521	1	0.5002496504685688	0.5002460930138836
488518	4571903	1	0.5001774104860993	0.5008094500719062
1530941	538561	1	0.5000864752672111	0.5000049273705578
1674358	1074255	1	0.5016225778759329	0.501415877423865
2809458	1420049	1	0.5	0.5
2337724	2522022	1	0.5007267436742668	0.5005597339840077
4306404	1037134	1	0.500020544728798	0.5000803161465327
2776422	2492462	1	0.500557827957477	0.5008297672754242
437661	1270382	1	0.5015096572482477	0.5006670570037889
3691952	3246525	1	0.5000393267263622	0.500151946362195
3247133	939935	1	0.5000830743799947	0.5006700335340355
3978620	1592178	1	0.500024117771885	0.5000253653029989
3966399	1797534	1	0.5015756250365528	0.5000891177077514
20388	4361647	1	0.5000294998400111	0.5015989496066787
3765619	2081348	1	0.5001004823137598	0.500038663779694
4637516	3986949	1	0.5000217972564381	0.5003416536476423
3133826	2524292	1	0.5002238016289787	0.5005778892692491
4586451	2431927	1	0.5	0.5
2821319	2607675	1	0.5	0.5
1763327	831068	1	0.5000044144133537	0.5000971187350468
1763327	4006394	1	0.5	0.5
3768583	2490909	1	0.5105026565997594	0.507343661320038
1181294	143030	1	0.503999353380043	0.5015755786265522
1763327	4714377	1	0.5000009809865192	0.5000046305798056
4265509	4753300	1	0.5000942666982289	0.5005952659387111
704225	3620415	1	0.500126317620799	0.5007033804230884
1403971	2335461	1	0.5	0.5
1151012	1604266	1	0.5005467938421132	0.5001829788380066
3816665	2882663	1	0.5000025358570181	0.5000020946970649
789061	4801255	1	0.5	0.5
451336	4510385	1	0.5	0.5
2809458	3245531	1	0.5	0.5
2912811	4691142	1	0.5001021450445443	0.5000240740019469
1403971	4341335	1	0.5000006066150154	0.5000006242462227
4306404	1573619	1	0.5001349416784492	0.5008438761224939
4096612	3328091	1	0.5	0.5
2259583	4715022	1	0.5003194887744098	0.5013095270412955
1231718	2866413	1	0.5006209634164632	0.500373344959597
862308	1232725	1	0.5000287389354782	0.5000174776360532
4852607	4286785	1	0.504851796160611	0.8590160310631229
1165817	4140875	1	0.501156640369083	0.50294510267154
2991814	1599395	1	0.5005500743043028	0.5004246541272496
2565443	3492225	1	0.5	0.5
4583463	2675641	1	0.500024995000979	0.5000003278013576
3821322	2122753	1	0.50805540209538	0.8108530096599713
1072864	417274	1	0.5069404282280997	0.5028365709832363
520845	1948239	1	0.5005667763442161	0.5007238504641373
1699324	353746	1	0.5001289191390573	0.5014665767761043
2297732	2815811	1	0.5033407075257923	0.5029831392101345
3274382	2064689	1	0.5013446143335337	0.5005702748572961
3799084	3891792	1	0.5	0.5
2695621	281375	1	0.5001668701606746	0.5004802172860469
2887639	1097771	1	0.500109421160306	0.5001055198525748
20388	3879445	1	0.5	0.5
563467	1556814	1	0.5006896547350584	0.5001277423982753
4520829	1368698	0	0.7310585786300049	0.500000490494222
1861489	124054	0	0.5	0.5
4027062	1325651	0	0.5	0.5
219290	4570176	0	0.5	0.5
757844	1187370	0	0.5	0.5
780275	833462	0	0.5	0.5
1890995	1353047	0	0.5	0.5
2293436	3453756	0	0.5	0.5
2164513	488470	0	0.5	0.5
2873600	4476307	0	0.5	0.5
1407014	4414064	0	0.5	0.5
6573	1036290	0	0.6224593312018546	0.5000003278013576
477010	4085861	0	0.5	0.5
3694185	2094327	0	0.5	0.5
1276157	256900	0	0.5	0.5
1869006	364265	0	0.5	0.5
4097056	3868624	0	0.5	0.5
173782	1803775	0	0.5	0.5
193955	4851428	0	0.5	0.5
3492534	4678579	0	0.5	0.5
2121830	2709776	0	0.5	0.5
3820932	1360304	0	0.5	0.5
3686501	1627809	0	0.5	0.5
1707444	3732674	0	0.5	0.5
2628732	4485276	0	0.5	0.5
4519069	3863938	0	0.5	0.5
1818434	839446	0	0.5	0.5
2477927	40395	0	0.5	0.5
488602	3251341	0	0.5	0.5
2012625	3480381	0	0.5	0.5
4798172	4764827	0	0.5	0.5
2489711	3006042	0	0.5	0.5
4550703	865368	0	0.5	0.5
181725	4251479	0	0.5	0.5
3174084	1828910	0	0.6224593312018546	0.5000006726378975
437228	2086034	0	0.5	0.5
4590483	4183765	0	0.5	0.5
2948532	2266717	0	0.5	0.5
4526739	1845240	0	0.5	0.5
4548076	3229557	0	0.5	0.5
4671223	4223934	0	0.5	0.5
2788558	2145480	0	0.5	0.5
1172733	173728	0	0.5	0.5
3277448	3671873	0	0.5	0.5
1275968	3933445	0	0.5	0.5
4271775	925402	0	0.5	0.5
3563913	643276	0	0.5	0.5
4197812	2367697	0	0.5	0.5
537184	4688421	0	0.5	0.5
3331611	2691062	0	0.5	0.5
997599	1598547	0	0.5	0.5
2523366	626292	0	0.5	0.5
745392	4561633	0	0.5	0.5
4503707	398736	0	0.5	0.5
2227667	1022697	0	0.5	0.5
1213369	600497	0	0.5	0.5
2709018	2024212	0	0.5	0.5
3853363	3621767	0	0.5	0.5
3269152	3911702	0	0.5227116332606392	0.5000003278013576
2902719	2899136	0	0.5	0.5
2443997	944467	0	0.5	0.5
835740	1305396	0	0.5	0.5
3933279	4505444	0	0.5	0.5
147755	521599	0	0.5	0.5
3038335	4379165	0	0.5	0.5
3422666	1465170	0	0.5	0.5
1830748	4437041	0	0.5	0.5
2443812	3743913	0	0.5	0.5
2788652	1282114	0	0.5	0.5
1089844	2448841	0	0.5	0.5
1991209	163418	0	0.5	0.5
3244878	3163097	0	0.5	0.5
386440	3475299	0	0.5	0.5
898652	70823	0	0.5	0.5
3048685	2851829	0	0.5	0.5
1557956	372874	0	0.5	0.5
863247	3526549	0	0.7310585786300049	0.5000003278013576
1889342	869931	0	0.5	0.5
3262606	3799474	0	0.5	0.5
1959264	844201	0	0.5	0.5
343907	3153270	0	0.5	0.5
2093088	2575581	0	0.5	0.5
2952059	4621183	0	0.5	0.5
1401228	2472824	0	0.5	0.5
1612116	4716055	0	0.5	0.5
65900	71804	0	0.5	0.5
447405	692797	0	0.5	0.5
3436944	1046131	0	0.5	0.5
2047591	3512100	0	0.5	0.5
2786914	1337238	0	0.5	0.5
1734728	2582246	0	0.5	0.5
4502104	3939468	0	0.5	0.5
1480999	2120567	0	0.5	0.5
1672249	3965776	0	0.5	0.5
4379077	4484768	0	0.5	0.5
4424726	3325924	0	0.5	0.5
3060490	3897814	0	0.5	0.5
1938148	4432621	0	0.5	0.5
4239412	2878746	0	0.5	0.5
1013627	1272155	0	0.5	0.5
226899	2766800	0	0.5	0.5
585485	798004	0	0.5	0.5
4507076	1808246	0	0.5	0.5
3313961	1357268	0	0.5	0.5
3306732	1821966	0	0.5	0.5
1251154	3036748	0	0.5	0.5
3934878	826678	0	0.5	0.5
2826624	3266661	0	0.5	0.5
201900	192326	0	0.5	0.5
628985	1679659	0	0.5825702064623147	0.500000490494222
4429117	1948710	0	0.5	0.5
2825979	3994605	0	0.5	0.5
3899876	4487460	0	0.5	0.5
2135741	1188792	0	0.5	0.5
3495758	1302014	0	0.5	0.5
1232988	4184961	0	0.5	0.5
3227696	3886242	0	0.5	0.5
2617700	547826	0	0.5	0.5
2316121	4600144	0	0.5	0.5
2446695	2398212	0	0.5	0.5
4098739	4663883	0	0.5	0.5
3578300	551404	0	0.5	0.5
2978309	2524477	0	0.5	0.5
2748087	1837096	0	0.5	0.5
4855766	586184	0	0.5	0.5
2162167	1675916	0	0.5	0.5
3745279	2746170	0	0.5	0.5
4624402	2617348	0	0.5	0.5
240977	3747181	0	0.5	0.5
161746	988908	0	0.5	0.5
2795336	727631	0	0.5	0.5
1932489	284576	0	0.5	0.5
107270	3433490	0	0.5	0.5
3168073	1504864	0	0.5	0.5
1178397	2679036	0	0.5	0.5
38172	3886901	0	0.5	0.5
4432561	1384822	0	0.5	0.5
2509751	1814886	0	0.5	0.5
1534053	4489569	0	0.5	0.5
3251794	4818720	0	0.5	0.5
2916590	1417141	0	0.5	0.5
3640987	313319	0	0.5	0.5
2602525	4182667	0	0.6224593312018546	0.500000490494222
805135	1625075	0	0.5	0.5
638775	4052910	0	0.5	0.5
2738373	1204476	0	0.7310585786300049	0.5000006242462227
944810	367785	0	0.5	0.5
4344575	3865925	0	0.5	0.5
4851787	3725875	0	0.5	0.5
1625393	422830	0	0.5	0.5
3816738	2642029	0	0.5	0.5
3774386	1183715	0	0.5	0.5
3279558	2850021	0	0.5	0.5
987006	505224	0	0.5	0.5
3944451	4266676	0	0.5	0.5
3295502	3422300	0	0.5	0.5
26119	492858	0	0.5	0.5
2475140	184650	0	0.5	0.5
681387	484653	0	0.5	0.5
3869750	3225936	0	0.7310585786300049	0.5000003278013576
1983038	954217	0	0.5	0.5
3377256	881202	0	0.5	0.5
2638705	1296543	0	0.5	0.5
4588314	2018846	0	0.5	0.5
2803137	2963008	0	0.5	0.5
441498	414809	0	0.5	0.5
243690	2424718	0	0.5	0.5
3499906	1831338	0	0.5	0.5
3356314	3949921	0	0.5	0.5
2757616	4568123	0	0.5	0.5
4382456	1516316	0	0.5	0.5
3829527	1436605	0	0.5	0.5
4183083	298958	0	0.5	0.5
1504854	1193913	0	0.5	0.5
2511171	3850236	0	0.5825702064623147	0.5000009197668943
101225	4561418	0	0.5	0.5
1760709	3397656	0	0.5	0.5
1789580	2636388	0	0.5	0.5
2349619	2557365	0	0.5	0.5
1345747	1827931	0	0.5	0.5
116453	796076	0	0.5	0.5
3597627	2255827	0	0.5	0.5
569582	477353	0	0.5	0.5
2559918	584262	0	0.5	0.5
3611922	3990183	0	0.7310585786300049	0.5000006242462227
2888309	3444676	0	0.5	0.5
3545212	3579647	0	0.5	0.5
1885294	3323307	0	0.5	0.5
3866154	4470045	0	0.5	0.5
49615	2168196	0	0.5	0.5
565121	2378001	0	0.5024509607606302	0.5000003278013576
1753572	1632847	0	0.5	0.5
1827372	4709028	0	0.5	0.5
2880159	1644105	0	0.5	0.5
2265822	2740940	0	0.5	0.5
4566389	3295520	0	0.5	0.5
2685257	3835230	0	0.5	0.5
1638408	3050887	0	0.5	0.5
2959837	988776	0	0.5	0.5
308959	3570069	0	0.5	0.5
1656559	540744	0	0.5	0.5
3615336	2067493	0	0.5	0.5
4298557	1452657	0	0.5	0.5
3906012	398112	0	0.5	0.5
1746637	4541192	0	0.5	0.5
3531261	2298647	0	0.5	0.5
2136870	2872116	0	0.5	0.5
134980	4403944	0	0.5	0.5
1986963	4784040	0	0.5	0.5
3811094	2098283	0	0.5	0.5
1878652	358827	0	0.5	0.5
3381693	3567512	0	0.5	0.5
4594119	2005841	0	0.5	0.5
581199	3947018	0	0.5	0.5
284985	1097119	0	0.5	0.5
1308043	1278091	0	0.5	0.5
1209263	3814792	0	0.5	0.5
1788933	1947868	0	0.5	0.5
2134192	4564142	0	0.549833997312478	0.500000490494222
4595414	2010027	0	0.5	0.5
1767491	3088920	0	0.5	0.5
4009361	1357828	0	0.5	0.5
747603	2466384	0	0.5	0.5
3661278	2010940	0	0.5	0.5
2433179	1865195	0	0.5	0.5
2698606	3939156	0	0.5	0.5
1427975	3192710	0	0.5	0.5
4246109	444984	0	0.5	0.5
256234	3715444	0	0.5	0.5
4076497	3707431	0	0.5	0.5
3787871	1782798	0	0.5	0.5
1125730	3122374	0	0.5	0.5
1388681	270430	0	0.5	0.5
363444	4574944	0	0.5	0.5
3971404	4864616	0	0.5	0.5
1182511	524561	0	0.5	0.5
4709770	1451112	0	0.5	0.5
2194765	379033	0	0.5	0.5
1448280	846469	0	0.5	0.5
3848480	2134560	0	0.5	0.5
3161442	3610139	0	0.5	0.5
1967187	2555814	0	0.5	0.5
4519638	4430831	0	0.5	0.5
4616393	4850910	0	0.5	0.5
3442021	3356396	0	0.5	0.5
4555014	4704204	0	0.5	0.5
4324267	1294824	0	0.5	0.5
1810013	1388587	0	0.5	0.5
156350	3277476	0	0.5	0.5
2611892	1124966	0	0.5	0.5
4783782	2250574	0	0.5	0.5
4390334	4525613	0	0.5	0.5
634922	1062937	0	0.5	0.5
2245772	513953	0	0.5	0.5
1961004	3784993	0	0.5	0.5
3339386	2334881	0	0.5	0.5
3374394	4531192	0	0.5	0.5
2667139	2098105	0	0.5	0.5
3323882	1146915	0	0.5	0.5
118140	1407417	0	0.5	0.5
4294752	317731	0	0.5	0.5
1349752	313410	0	0.5	0.5
1775041	2878229	0	0.5	0.5
3112051	4773655	0	0.5	0.5
1893720	1716445	0	0.5	0.5
1240725	1289702	0	0.5	0.5
4346064	1954018	0	0.5	0.5
1664607	4221036	0	0.5	0.5
3121669	3241802	0	0.5	0.5
2121190	4213649	0	0.5	0.5
3439119	2728088	0	0.5	0.5
4162074	1796089	0	0.5	0.5
1022751	2090727	0	0.5	0.5
2641024	4347658	0	0.5	0.5
1427868	4537288	0	0.5	0.5
3891785	3354904	0	0.5	0.5
2537698	4099396	0	0.5	0.5
3228906	2664944	0	0.5	0.5
1620088	102439	0	0.5	0.5
1370339	4729914	0	0.5	0.5
2585982	2724056	0	0.5	0.5
3838180	1406105	0	0.5	0.5
2555244	1358410	0	0.5	0.5
1714358	3420496	0	0.5	0.5
1813507	4513917	0	0.5	0.5
449600	2153516	0	0.5	0.5
4801373	1594657	0	0.5	0.5
4185919	1086465	0	0.5019841165694838	0.5000392141738906
567225	3024933	0	0.5	0.5
2004729	446164	0	0.5	0.5
4140123	592447	0	0.5	0.5
1324549	55813	0	0.5	0.5
2980441	3973821	0	0.5	0.5
3264650	3146000	0	0.5	0.5
3129909	4529935	0	0.5	0.5
2588880	1440656	0	0.5	0.5
2739144	2090309	0	0.5	0.5
2952849	2997669	0	0.5	0.5
453910	2162438	0	0.5	0.5
315784	390161	0	0.5	0.5
3326255	373427	0	0.5192212922106081	0.5000003278013576
5881	955400	0	0.5	0.5
3492363	1914910	0	0.5	0.5
4338847	3471933	0	0.5	0.5
236659	1487528	0	0.5	0.5
3845292	108081	0	0.5	0.5
1287722	1282831	0	0.5	0.5
2871328	4551867	0	0.5	0.5
1310018	37767	0	0.5007987213653288	0.5000003278013576
55723	1984883	0	0.5	0.5
522411	4170947	0	0.5	0.5
4784287	1809295	0	0.5	0.5
2125204	533826	0	0.5	0.5
3042322	3569780	0	0.5	0.5
4145067	3405425	0	0.5	0.5
4103472	2975854	0	0.5	0.5
655573	1563763	0	0.5	0.5
2975288	3294175	0	0.5	0.5
586096	2217557	0	0.5	0.5
2366132	1194162	0	0.5	0.5
3361235	23049	0	0.5	0.5
2755826	259563	0	0.5	0.5
4132106	4769224	0	0.5	0.5
1942211	255132	0	0.5	0.5
1348051	3008505	0	0.5	0.5
3236429	4847213	0	0.7310585786300049	0.5000006726378975
1264908	2829256	0	0.5825702064623147	0.500000490494222
1553367	3162483	0	0.5	0.5
2486669	3332725	0	0.5	0.5
3028826	999579	0	0.5	0.5
694498	4615688	0	0.5	0.5
1955454	3236710	0	0.5	0.5
2962574	3538833	0	0.5	0.5
3894304	401659	0	0.5	0.5
4043203	522715	0	0.5	0.5
342760	3405832	0	0.5	0.5
465656	3382526	0	0.5	0.5
4605535	4091337	0	0.5	0.5
1963133	182361	0	0.5	0.5
3647734	3215348	0	0.5	0.5
2029789	941878	0	0.5	0.5
4198085	1704573	0	0.5	0.5
4689417	2132662	0	0.5	0.5
739603	602050	0	0.5	0.5
2382341	573932	0	0.5	0.5
1411414	2516551	0	0.6224593312018546	0.5000006726378975
3342508	2405509	0	0.5825702064623147	0.5000006726378975
4762717	2448439	0	0.5	0.5
1229063	3922023	0	0.5	0.5
3384960	656613	0	0.5080638168854459	0.5000056287960488
1771216	4039238	0	0.5	0.5
2520261	4101158	0	0.5	0.5
2746984	2599931	0	0.5	0.5
148323	4551425	0	0.5	0.5
2278064	3644021	0	0.5	0.5
1010068	4291582	0	0.5	0.5
1027557	4776201	0	0.5	0.5
4375001	2553893	0	0.5	0.5
3159644	2529541	0	0.5	0.5
411093	3526032	0	0.5	0.5
2972448	4236123	0	0.5	0.5
3216693	996032	0	0.5	0.5
3854499	1042402	0	0.5	0.5
3182724	4499830	0	0.5	0.5
1770094	4604	0	0.5	0.5
2479460	1657699	0	0.5	0.5
4086850	51698	0	0.5	0.5
1934323	2988915	0	0.5	0.5
2121087	3052037	0	0.5	0.5
3934091	488114	0	0.5	0.5
3981631	3106360	0	0.5	0.5
1358987	818043	0	0.5	0.5
4674001	3321006	0	0.5	0.5
3518633	3701632	0	0.7310585786300049	0.500000490494222
50726	792488	0	0.5	0.5
2324003	4433412	0	0.5	0.5
3915366	3192036	0	0.6224593312018546	0.500000490494222
3401124	1035985	0	0.5	0.5
915135	704624	0	0.5	0.5
3120166	2505231	0	0.5	0.5
332299	1006205	0	0.5	0.5
155647	1811345	0	0.5	0.5
189343	4342026	0	0.5	0.5
1044043	2817052	0	0.5	0.5
3762357	1262751	0	0.5	0.5
934492	3028801	0	0.5	0.5
1853762	2700561	0	0.5	0.5
1323671	1547055	0	0.5	0.5
3201974	3430173	0	0.5	0.5
3351594	214936	0	0.5	0.5
65238	1068701	0	0.5	0.5
2057299	1470233	0	0.5	0.5
2808944	2545646	0	0.5	0.5
3681402	828441	0	0.5	0.5
3426127	2839546	0	0.5	0.5
718149	2790796	0	0.5	0.5
3976139	3051099	0	0.5825702064623147	0.5000006726378975
613091	328171	0	0.5	0.5
960402	191189	0	0.5	0.5
1321521	2234602	0	0.5	0.5
3284866	2333447	0	0.5	0.5
920148	2577514	0	0.5	0.5
3035760	4803368	0	0.5	0.5
2471336	4304701	0	0.5	0.5
143917	3164403	0	0.5	0.5
3792418	4475322	0	0.5	0.5
4134630	1042068	0	0.5	0.5
3093085	4735483	0	0.5825702064623147	0.500000490494222
2290893	3871291	0	0.5	0.5
849097	1722561	0	0.5	0.5
2256930	208348	0	0.5	0.5
1879717	2128583	0	0.5	0.5
3372856	4694777	0	0.5	0.5
4478756	1137040	0	0.5	0.5
2796782	735332	0	0.5	0.5
4317172	3336536	0	0.5	0.5
1324663	3066708	0	0.5	0.5
2070030	4228802	0	0.5	0.5
1303375	4489711	0	0.5	0.5
1917936	1020935	0	0.5	0.5
4573299	1665935	0	0.5	0.5
3304838	2394961	0	0.5	0.5
3700672	406890	0	0.5	0.5
1991954	3547258	0	0.5	0.5
1460037	4223281	0	0.5	0.5
3999244	4011344	0	0.5	0.5
1216506	496470	0	0.5	0.5
3424993	3988489	0	0.5	0.5
832313	2859604	0	0.5	0.5
2509918	1673565	0	0.5	0.5
598842	3482950	0	0.5	0.5
1102874	1777731	0	0.5	0.5
1165964	4450006	0	0.6224593312018546	0.5000003278013576
3187389	1573582	0	0.5	0.5
4823725	3830086	0	0.5	0.5
93623	959893	0	0.5	0.5
1212286	3794299	0	0.5	0.5
286377	3222592	0	0.6224593312018546	0.5000006066194312
3595445	537057	0	0.5	0.5
1033495	1535947	0	0.5	0.5
3229330	2441691	0	0.5	0.5
2839881	2635272	0	0.5	0.5
4827219	4529692	0	0.7310585786300049	0.5000006066194312
3429269	2393194	0	0.5131548582061607	0.5000009197668943
1677628	2534855	0	0.5	0.5
3626414	3080298	0	0.5	0.5
3773227	2619154	0	0.5	0.5
333957	4232173	0	0.549833997312478	0.5000006066194312
1971858	1936601	0	0.503731274016853	0.500000490494222
427977	523937	0	0.5	0.5
2404378	3035828	0	0.5	0.5
4355094	250816	0	0.5	0.5
2414288	1256322	0	0.5	0.5
1323189	4090713	0	0.5	0.5
718333	3054722	0	0.5	0.5
3579925	2931006	0	0.5	0.5
2741967	688672	0	0.5	0.5
1391328	558099	0	0.5	0.5
2752083	2370549	0	0.5	0.5
4073145	861771	0	0.5	0.5
3643481	1140621	0	0.5	0.5
1977459	2793493	0	0.5	0.5
1941118	2559678	0	0.5	0.5
40738	267927	0	0.5	0.5
1295324	1368689	0	0.5	0.5
3488290	3077617	0	0.5	0.5
1993729	3324638	0	0.5	0.5
193568	4748722	0	0.5	0.5
648487	3506451	0	0.5	0.5
262512	4757988	0	0.5	0.5
2944598	2550213	0	0.5	0.5
4740416	2134507	0	0.5	0.5
4755549	1170730	0	0.5	0.5
2196846	3078543	0	0.5	0.5
1417890	132051	0	0.5	0.5
649110	4117443	0	0.5	0.5
4187335	2373255	0	0.5	0.5
2777894	4859661	0	0.5	0.5
3448127	608247	0	0.5	0.5
414127	1269096	0	0.5	0.5
4701366	2222560	0	0.5	0.5
1398503	1520972	0	0.5	0.5
3536457	205075	0	0.5	0.5
3096261	4447411	0	0.5	0.5
2685663	3622466	0	0.5	0.5
1420560	3208755	0	0.5621765008857981	0.5000006726378975
3589942	2296307	0	0.5	0.5
4163501	962906	0	0.5	0.5
4036714	2198198	0	0.5	0.5
2918387	1076872	0	0.5	0.5
188889	2076924	0	0.5	0.5
1814352	1212630	0	0.5	0.5
1620476	2250111	0	0.5	0.5
2538174	777678	0	0.5	0.5
3803841	4593945	0	0.5	0.5
532487	4795872	0	0.5	0.5
1243601	1270984	0	0.5	0.5
3650755	4024226	0	0.5	0.5
3296743	3567411	0	0.5	0.5
1929026	3977939	0	0.5	0.5
4646662	492233	0	0.5	0.5
1206363	216794	0	0.5	0.5
2844642	2360275	0	0.5	0.5
1806674	4511618	0	0.5	0.5
1522431	3752186	0	0.5	0.5
4620687	1665865	0	0.6224593312018546	0.5000006066194312
2565558	1890959	0	0.5	0.5
2221003	4654361	0	0.5	0.5
2501900	4162668	0	0.5	0.5
2231636	4055133	0	0.5	0.5
4651001	717298	0	0.5	0.5
4151653	1102377	0	0.5	0.5
1293032	2247077	0	0.5	0.5
2844772	2188608	0	0.5709465968834663	0.5000026415235813
786996	3272342	0	0.5405610786866369	0.5000926534415632
3624489	71834	0	0.5119025128376735	0.5000410441634278
2413818	2797181	0	0.5	0.5
2901317	1876111	0	0.5	0.5
1077433	612252	0	0.5	0.5
1701301	3844886	0	0.5	0.5
1479204	3061850	0	0.5	0.5
452872	286638	0	0.5	0.5
907292	749298	0	0.5	0.5
3972783	798074	0	0.5	0.5
4314193	310418	0	0.5	0.5
3089231	3460916	0	0.5	0.5
2025780	504034	0	0.5	0.5
1825596	2339478	0	0.5	0.5
1630448	2350842	0	0.5	0.5
3722396	239726	0	0.5	0.5
3691720	1633980	0	0.5	0.5
4290969	763466	0	0.5	0.5
1988219	1719201	0	0.5	0.5
493072	4336272	0	0.5	0.5
4603325	1345114	0	0.5	0.5
2796159	2521164	0	0.5	0.5
3314360	472926	0	0.5	0.5
4852033	1965093	0	0.5	0.5
601621	4302024	0	0.5	0.5
1254623	2117778	0	0.5	0.5
1874801	2231677	0	0.5	0.5
2192546	1719925	0	0.5	0.5
1436380	1622451	0	0.5	0.5
1784315	3952369	0	0.5	0.5
2496339	3799340	0	0.5	0.5
2112124	1874783	0	0.5	0.5
1010501	3628512	0	0.5	0.5
2907640	4185975	0	0.5	0.5
2108695	3287908	0	0.5	0.5
1641409	3320124	0	0.5	0.5
3529109	4674851	0	0.5	0.5
4858906	4684907	0	0.5	0.5
1075540	3072845	0	0.5	0.5
2787148	874241	0	0.5	0.5
4437257	1086980	0	0.5	0.5
1344229	1060370	0	0.5	0.5
3984316	517478	0	0.5	0.5
4744123	1825371	0	0.5	0.5
1443088	4249128	0	0.5	0.5
1311709	3287862	0	0.5	0.5
472930	48434	0	0.6224593312018546	0.5000006066194312
1424338	4404758	0	0.5825702064623147	0.5000006242462227
4446601	20694	0	0.5	0.5
2258202	1238561	0	0.5	0.5
403673	3066196	0	0.5	0.5
4054455	12820	0	0.5	0.5
1621680	2744205	0	0.5	0.5
4661260	1534534	0	0.5	0.5
3327334	330595	0	0.5	0.5
2161834	2330534	0	0.5	0.5
1515551	4756189	0	0.5	0.5
1010985	3161178	0	0.5	0.5
1492900	1831809	0	0.7310585786300049	0.5000006066194312
2376332	4735948	0	0.5	0.5
4558050	43620	0	0.5	0.5
3534536	3967496	0	0.5	0.5
408650	4466867	0	0.5	0.5
3018718	3609755	0	0.5	0.5
4136529	2796022	0	0.5	0.5
787410	2183480	0	0.5	0.5
4637472	1475199	0	0.5	0.5
1014251	65090	0	0.5	0.5
3772754	3560310	0	0.5	0.5
951047	1505029	0	0.5	0.5
396403	1043029	0	0.5	0.5
4720485	2562092	0	0.5	0.5
480828	226463	0	0.5	0.5
3119580	3703012	0	0.5	0.5
3435728	4085907	0	0.5	0.5
565608	3372331	0	0.5	0.5
4796887	3845893	0	0.5	0.5
239619	406119	0	0.5	0.5
1736767	4774840	0	0.598687660112452	0.5000011147404446
828648	1418393	0	0.5	0.5
3528747	3538886	0	0.5	0.5
32255	3713507	0	0.5	0.5
4156490	3571399	0	0.5	0.5
331972	4844486	0	0.5	0.5
530610	3679129	0	0.5	0.5
3308686	3633265	0	0.5	0.5
4383315	3825485	0	0.5	0.5
2977581	358238	0	0.5	0.5
4037221	372900	0	0.5	0.5
2971844	379450	0	0.5	0.5
4120611	2131519	0	0.5	0.5
379544	2365306	0	0.5	0.5
3299979	4487442	0	0.5	0.5
836268	3025516	0	0.5	0.5
2144295	4636807	0	0.5	0.5
4761937	3835051	0	0.5	0.5
3373975	1127089	0	0.5	0.5
3078638	1204407	0	0.5	0.5
2307615	3694586	0	0.5	0.5
4498550	2780490	0	0.5	0.5
2635447	4268140	0	0.5	0.5
905845	3238808	0	0.5	0.5
2327173	281911	0	0.5	0.5
500199	923640	0	0.5	0.5
1681705	2806122	0	0.5	0.5
2057938	3332100	0	0.5	0.5
2295964	125807	0	0.5	0.5
4496217	3531561	0	0.5	0.5
3770283	1066029	0	0.5	0.5
3270686	1051222	0	0.5	0.5
4437879	1072873	0	0.5	0.5
3078843	1602908	0	0.5	0.5
1517587	933645	0	0.5	0.5
2532304	1348592	0	0.5	0.5
4591212	1748060	0	0.5	0.5
2621603	4569417	0	0.5227116332606392	0.5000025316199329
1184441	3133437	0	0.5	0.5
2101303	2048916	0	0.5	0.5
3639003	2731840	0	0.5	0.5
3643091	1102021	0	0.5	0.5
3069798	3085596	0	0.5	0.5
4314488	1674870	0	0.5	0.5
3020487	3469097	0	0.5	0.5
324490	4019759	0	0.5	0.5
4719433	3627101	0	0.5	0.5
291495	3110570	0	0.5	0.5
3181817	1306155	0	0.5	0.5
1829765	2380959	0	0.5	0.5
3371445	1033938	0	0.5	0.5
760973	2156506	0	0.5	0.5
2600981	1168977	0	0.5	0.5
4664254	1394045	0	0.5	0.5
2418588	4622174	0	0.5	0.5
3120418	1088698	0	0.5	0.5
4388475	1374931	0	0.5	0.5
1101936	2143008	0	0.5	0.5
2186967	623872	0	0.5	0.5
3638052	236713	0	0.5	0.5
1461424	333896	0	0.5	0.5
568004	1502925	0	0.5	0.5
156832	4467284	0	0.5	0.5
3466033	607814	0	0.5	0.5
4055474	3669214	0	0.5	0.5
4329335	705070	0	0.5	0.5
3065787	2565410	0	0.5	0.5
1556598	3129487	0	0.5	0.5
144786	3092810	0	0.5	0.5
2010644	4386806	0	0.5	0.5
2349543	440158	0	0.5	0.5
713761	3868942	0	0.5	0.5
134846	3642139	0	0.5	0.5
2331287	3193325	0	0.5	0.5
2504055	2314608	0	0.5	0.5
1394543	2545951	0	0.5	0.5
492776	3533679	0	0.5	0.5
3646786	3600278	0	0.5	0.5
2554333	4733744	0	0.6224593312018546	0.5000003278013576
3838727	2627419	0	0.5	0.5
3272074	586524	0	0.5	0.5
3027370	1586162	0	0.5	0.5
1233055	1921191	0	0.5	0.5
1692375	3056286	0	0.5	0.5
596862	1916620	0	0.5	0.5
3696610	1035272	0	0.5	0.5
3087551	862155	0	0.5	0.5
4514648	936064	0	0.5	0.5
3859512	3506619	0	0.5	0.5
379346	3064110	0	0.5	0.5
1321157	694302	0	0.5	0.5
1523725	3860909	0	0.5	0.5
4731763	4191467	0	0.5	0.5
4633626	4228420	0	0.5	0.5
4643941	2587419	0	0.5	0.5
531321	376877	0	0.5	0.5
3268225	1007113	0	0.5	0.5
4796299	347947	0	0.5	0.5
1531092	3730100	0	0.5	0.5
303344	2122737	0	0.5	0.5
3136258	457318	0	0.5	0.5
2141334	3901373	0	0.5	0.5
4167199	1645720	0	0.5	0.5
4778560	1904723	0	0.5	0.5
2693791	43026	0	0.5	0.5
2951710	2264979	0	0.5	0.5
4375729	1268292	0	0.5	0.5
341444	486207	0	0.5	0.5
4681207	1324717	0	0.5	0.5
970739	1016407	0	0.5	0.5
4675143	4643896	0	0.5	0.5
4137044	3902949	0	0.5	0.5
530172	3931745	0	0.5	0.5
86539	593402	0	0.5	0.5
4559442	4537921	0	0.5	0.5
2603898	2938131	0	0.5	0.5
1520772	3173908	0	0.5	0.5
4423449	392459	0	0.5	0.5
2429521	3272375	0	0.5	0.5
4413072	2009728	0	0.5	0.5
2716719	3709556	0	0.5	0.5
2421420	434128	0	0.5	0.5
4231903	2244850	0	0.5156199157230156	0.5000003278013576
3833238	4554203	0	0.5	0.5
4430006	2255442	0	0.5	0.5
2869302	2491625	0	0.5	0.5
2423006	3884452	0	0.5	0.5
4065694	4642228	0	0.5	0.5
3166173	729240	0	0.5	0.5
4548596	1488646	0	0.5415704832167999	0.5000008182955796
194466	535296	0	0.5	0.5
3525297	547510	0	0.5825702064623147	0.5000006066194312
2933117	2815819	0	0.5	0.5
555643	1808417	0	0.5	0.5
4490806	1284984	0	0.5	0.5
4775306	4224827	0	0.5	0.5
2259167	3385777	0	0.5	0.5
3623992	1251209	0	0.5	0.5
2577923	3488561	0	0.5	0.5
1285637	2232690	0	0.5	0.5
3547082	986423	0	0.5	0.5
1428892	451910	0	0.5	0.5
328821	854813	0	0.5	0.5
2814546	2359015	0	0.5	0.5
1488701	770236	0	0.5	0.5
4716374	1159913	0	0.7310585786300049	0.5000006066194312
4089054	4708249	0	0.5	0.5
2883432	2189441	0	0.5	0.5
2790215	768692	0	0.5	0.5
285964	4742545	0	0.5	0.5
591544	612323	0	0.7310585786300049	0.5000006242462227
2967500	3140669	0	0.5	0.5
4500607	53531	0	0.5	0.5
1180	3403355	0	0.5	0.5
2406016	203730	0	0.520821285372743	0.5000003278013576
927512	3617908	0	0.5	0.5
815847	606999	0	0.5	0.5
650779	3406861	0	0.5	0.5
238628	2939803	0	0.549833997312478	0.5000006242462227
3268514	1712912	0	0.5	0.5
297921	4246514	0	0.5	0.5
1242202	4021609	0	0.5	0.5
600632	203096	0	0.5	0.5
3433620	3443263	0	0.5	0.5
3167250	4517135	0	0.5	0.5
3890307	886639	0	0.5	0.5
2180110	1152706	0	0.5	0.5
4361962	2476068	0	0.6224593312018546	0.500000490494222
269069	1034187	0	0.5	0.5
4158169	1777308	0	0.5	0.5
2969747	3255616	0	0.5	0.5
3174953	4607146	0	0.5	0.5
1890973	3233193	0	0.5	0.5
3486462	3726587	0	0.5	0.5
1682262	4841658	0	0.5	0.5
4181119	340903	0	0.5	0.5
2750071	3944765	0	0.5	0.5
1855646	728870	0	0.5	0.5
514102	4758769	0	0.5	0.5
434050	3784395	0	0.505952099771186	0.5000103211956058
2757485	468559	0	0.5	0.5
4583255	2840808	0	0.5	0.5
1802578	1324766	0	0.5	0.5
4129882	2492949	0	0.5	0.5
4164777	2544865	0	0.5	0.5
3559845	855491	0	0.5	0.5
3937419	1191732	0	0.5	0.5
2539055	847374	0	0.5	0.5
3941189	1352487	0	0.5	0.5
3791954	3499005	0	0.7310585786300049	0.500000490494222
2959276	1984016	0	0.5	0.5
3700198	1556080	0	0.5	0.5
2104349	4452840	0	0.5	0.5
1470734	2830280	0	0.5	0.5
4122911	4698715	0	0.5	0.5
2631284	3471794	0	0.5	0.5
1853481	1271408	0	0.5	0.5
4126850	1952590	0	0.5	0.5
3031179	4331316	0	0.5	0.5
1021564	3257146	0	0.5	0.5
3344605	2474413	0	0.5	0.5
3486441	1243551	0	0.5	0.5
2266731	3474586	0	0.5	0.5
4857097	4050176	0	0.5	0.5
4354546	4105132	0	0.5	0.5
3866772	3950876	0	0.5	0.5
1675597	2330104	0	0.5	0.5
2961088	373568	0	0.5	0.5
4349123	1359652	0	0.5	0.5
4279660	2891644	0	0.5	0.5
3369673	2479950	0	0.5	0.5
3282068	3282469	0	0.5	0.5
2447975	608534	0	0.5	0.5
1316252	3550763	0	0.5	0.5
3397408	215706	0	0.6224593312018546	0.500000490494222
4193992	3007397	0	0.5	0.5
2921971	1427981	0	0.5	0.5
2763737	1071836	0	0.5	0.5
3800879	1363795	0	0.5	0.5
4017867	1741416	0	0.5	0.5
3996418	3994304	0	0.5	0.5
2485204	2360109	0	0.5	0.5
624280	2611664	0	0.5	0.5
1213084	4619861	0	0.5825702064623147	0.5000006242462227
2172580	3886528	0	0.549833997312478	0.5000003278013576
3642937	1221008	0	0.5	0.5
870288	4438975	0	0.5	0.5
1732147	3202264	0	0.5	0.5
2398148	1582808	0	0.5	0.5
4775515	2484492	0	0.549833997312478	0.5000003278013576
3841743	3637737	0	0.5	0.5
4305674	4095965	0	0.5	0.5
3331836	2716009	0	0.5	0.5
2527673	580570	0	0.5	0.5
3603552	4667058	0	0.5	0.5
4146221	1702486	0	0.5040321706522466	0.5000003278013576
3248971	1592703	0	0.5	0.5
1433838	880674	0	0.5	0.5
2950087	4832325	0	0.5	0.5
4784405	2516214	0	0.5	0.5
1391561	3364706	0	0.5	0.5
2845218	4610645	0	0.5	0.5
1068910	689108	0	0.5	0.5
4196313	4027966	0	0.5	0.5
2671370	2928560	0	0.6224593312018546	0.5000003278013576
3794078	519699	0	0.5	0.5
3701175	2214382	0	0.5	0.5
1334580	3398187	0	0.5	0.5
3540041	2193659	0	0.5	0.5
1009994	3141169	0	0.5	0.5
4040186	2746561	0	0.5	0.5
2763978	1057936	0	0.5	0.5
2166325	2492477	0	0.5	0.5
4194892	1316089	0	0.5	0.5
4243559	3283379	0	0.5	0.5
2331986	2741773	0	0.5	0.5
720520	4257086	0	0.5	0.5
1128983	725110	0	0.7310585786300049	0.5000006066194312
4129382	4325385	0	0.5	0.5
719890	1503245	0	0.5	0.5
1776273	1482869	0	0.5	0.5
1629699	3521119	0	0.5	0.5
2919427	1819436	0	0.5	0.5
3613611	2994801	0	0.5	0.5
523915	2294487	0	0.5	0.5
2992809	1146400	0	0.5	0.5
2039074	3281076	0	0.5	0.5
350775	246741	0	0.5	0.5
1780648	690223	0	0.5	0.5
3701484	3115214	0	0.5	0.5
4550892	2077658	0	0.5	0.5
1054337	1167183	0	0.5	0.5
4821383	995165	0	0.5	0.5
4664553	3481031	0	0.5	0.5
3025073	76805	0	0.5	0.5
2687386	1209224	0	0.5825702064623147	0.5000006066194312
4454197	2804657	0	0.5	0.5
3767598	524160	0	0.5	0.5
1419226	2127161	0	0.5	0.5
2671787	644086	0	0.5	0.5
1688001	4223298	0	0.5	0.5
3765802	2322658	0	0.5	0.5
2700367	617387	0	0.5	0.5
1334118	4597817	0	0.5	0.5
4631919	1648917	0	0.5	0.5
2402104	3892021	0	0.5	0.5
3243844	382886	0	0.5	0.5
2744548	958934	0	0.5	0.5
2043096	226938	0	0.5	0.5
1287029	1540091	0	0.5	0.5
2571495	3722901	0	0.5	0.5
3228957	2611934	0	0.5	0.5
706763	3887810	0	0.5	0.5
4410354	4613209	0	0.5	0.5
1547422	3772071	0	0.5	0.5
1731302	2689428	0	0.5	0.5
3192526	1667197	0	0.5	0.5
4289354	1320145	0	0.5	0.5
734603	116720	0	0.5	0.5
4401609	834407	0	0.5	0.5
3325585	2822000	0	0.5	0.5
1361875	1191269	0	0.5	0.5
1641041	438109	0	0.5415704832167999	0.5000003278013576
4346550	1332889	0	0.5	0.5
2390425	4073918	0	0.5	0.5
3178094	2193922	0	0.5	0.5
4480588	4809348	0	0.5	0.5
2247088	2652140	0	0.5	0.5
4700171	967702	0	0.5	0.5
1147503	29368	0	0.5	0.5
3694002	2838683	0	0.5	0.5
4214244	2098327	0	0.5	0.5
354122	1152082	0	0.5	0.5
2070635	2527515	0	0.5	0.5
1031041	3497108	0	0.5	0.5
477098	3732710	0	0.5065785677232344	0.5000052948153166
119736	756303	0	0.5	0.5
2423963	2057647	0	0.5	0.5
4441165	4257825	0	0.5	0.5
3332152	1447929	0	0.5	0.5
4483194	3863098	0	0.5	0.5
2036972	1913151	0	0.5	0.5
161648	3273693	0	0.5	0.5
2114847	4699351	0	0.5	0.5
4268939	1928313	0	0.5	0.5
3493419	4347887	0	0.5	0.5
541830	1550085	0	0.5	0.5
97852	2520687	0	0.5	0.5
2702189	853232	0	0.5	0.5
2262816	3738944	0	0.5	0.5
2822355	2139066	0	0.5033332839514952	0.5000385564465615
2774847	509509	0	0.5	0.5
4009002	2254112	0	0.5	0.5
3666913	2479227	0	0.5	0.5
2335012	3074162	0	0.5	0.5
3232594	2361163	0	0.5	0.5
2464146	1024310	0	0.5	0.5
1609858	1720439	0	0.5	0.5
747319	587709	0	0.5	0.5
3391112	718691	0	0.5	0.5
1046466	384427	0	0.5	0.5
1658467	1937488	0	0.5	0.5
2754731	2699466	0	0.5	0.5
3612930	1808887	0	0.5	0.5
2190596	1138622	0	0.5	0.5
2322799	3185295	0	0.5	0.5
822922	3037101	0	0.5	0.5
2753283	1437892	0	0.5825702064623147	0.5000003278013576
2413285	3804691	0	0.5	0.5
3094352	1066432	0	0.5	0.5
2844564	4536670	0	0.5	0.5
3486329	4701891	0	0.5	0.5
24793	3005835	0	0.5	0.5
1434853	1808190	0	0.5	0.5
1559331	1240367	0	0.5	0.5
3070446	2660377	0	0.5	0.5
5590	652188	0	0.5	0.5
3839497	2679834	0	0.5	0.5
1310946	3832658	0	0.5	0.5
507004	2024617	0	0.5	0.5
2862366	892634	0	0.5	0.5
309145	2923395	0	0.5	0.5
1775879	2114649	0	0.5	0.5
281143	3109135	0	0.5	0.5
1715737	4464863	0	0.5	0.5
1968487	1722425	0	0.5	0.5
2208695	4108525	0	0.5178495544061347	0.5000003278013576
4088990	3030234	0	0.5	0.5
3039720	1605186	0	0.5	0.5
3128964	1715864	0	0.5	0.5
2775516	4505410	0	0.5	0.5
3151609	1594090	0	0.5	0.5
2876459	3934996	0	0.5	0.5
4208986	2603139	0	0.5	0.5
2777551	998858	0	0.5	0.5
785343	4161221	0	0.5	0.5
3380140	2603341	0	0.5	0.5
2047460	3491094	0	0.5	0.5
3935278	1882898	0	0.5	0.5
2706661	1274520	0	0.5	0.5
945926	3702492	0	0.5	0.5
4134832	2137819	0	0.5	0.5
3988989	4654122	0	0.5	0.5
3281407	61207	0	0.5	0.5
681081	3145097	0	0.5	0.5
4632120	4828502	0	0.5	0.5
514081	4798805	0	0.5	0.5
2685450	149491	0	0.5	0.5
4864154	1892473	0	0.5	0.5
3317042	144634	0	0.5	0.5
4782129	1310803	0	0.5	0.5
966504	161523	0	0.5	0.5
2651001	4369563	0	0.5156199157230156	0.5000023137222237
3764722	1290438	0	0.5	0.5
4325163	620915	0	0.5	0.5
4461553	4637605	0	0.5	0.5
3130045	273693	0	0.5	0.5
4001749	852622	0	0.5	0.5
101357	1143013	0	0.5	0.5
3636377	2984971	0	0.5	0.5
1420433	3944887	0	0.5046727611513686	0.5000098485691341
4685481	874922	0	0.5	0.5
3171541	2240067	0	0.5	0.5
2092466	1656486	0	0.5	0.5
2454141	824383	0	0.5	0.5
27744	2946259	0	0.549833997312478	0.5000003278013576
3119557	4521088	0	0.5	0.5
2992531	2891116	0	0.5	0.5
